File name: g13_epead_p27w_32s_20120927_20120927
Metadata Description:
dimensions:
record = UNLIMITED; //(2627 currently)
orbit = 1;

variables:
double time_tag_orbit(orbit);
time_tag_orbit:long_name = "Date and time for each west_longitude and inclination pair";
time_tag_orbit:units = "Date and time in the format YYYY-mm-dd hh:mm:ss.SSS UTC";
time_tag_orbit:calendar = "gregorian";

float west_longitude(orbit);
west_longitude:description = "West longitude of satellite sub-orbit point at the given date and time.";
west_longitude:long_label = "west longitude";
west_longitude:short_label = "w long";
west_longitude:plot_label = "west longitude";
west_longitude:lin_log = "lin";
west_longitude:units = "degrees";
west_longitude:format = "F5.1";
west_longitude:nominal_min = " 70.0";
west_longitude:nominal_max = "140.0";
west_longitude:missing_value = "-99999";

float inclination(orbit);
inclination:description = "Inclination -- the angle between the plane of the orbit and the equatorial plane measured counter-clockwise from true East.";
inclination:long_label = "inclination";
inclination:short_label = "incl";
inclination:plot_label = "inclination";
inclination:lin_log = "lin";
inclination:units = "degrees";
inclination:format = "F6.3";
inclination:nominal_min = "0.0";
inclination:nominal_max = " 1.000";
inclination:missing_value = "-99999";

double time_tag(record) ;
time_tag:long_name = "Date and time for each observation" ;
time_tag:units = "Date and time in the format YYYY-mm-dd hh:mm:ss.SSS UTC" ;
time_tag:calendar = "gregorian" ;

float P2W_QUAL_FLAG(record);
P2W_QUAL_FLAG:description = "Quality flag non-zero value indicates data quality issue.";
P2W_QUAL_FLAG:long_label = "quality flag";
P2W_QUAL_FLAG:short_label = "qf";
P2W_QUAL_FLAG:plot_label = " ";
P2W_QUAL_FLAG:lin_log = "lin";
P2W_QUAL_FLAG:units = "qf";
P2W_QUAL_FLAG:format = "I";
P2W_QUAL_FLAG:nominal_min = "0";
P2W_QUAL_FLAG:nominal_max = "4294967295";
P2W_QUAL_FLAG:missing_value = "99999";

float P2W_UNCOR_CR(record);
P2W_UNCOR_CR:description = "Average number of counts per second of protons with energies from 4.2-8.7 MeV from the A detector that faces either East or West depending on the yaw flip of the satellite";
P2W_UNCOR_CR:long_label = "protons-2-A (4.2-8.7 MeV) count rate";
P2W_UNCOR_CR:short_label = "p2A cr";
P2W_UNCOR_CR:plot_label = "p2A(4.2-8.7 MeV)";
P2W_UNCOR_CR:lin_log = "log";
P2W_UNCOR_CR:units = "counts/s";
P2W_UNCOR_CR:format = "E10.4";
P2W_UNCOR_CR:nominal_min = "1.0000E-03";
P2W_UNCOR_CR:nominal_max = "1.0000E+05";
P2W_UNCOR_CR:missing_value = "-99999";

float P2W_UNCOR_FLUX(record);
P2W_UNCOR_FLUX:description = "Average flux of 6.5 MeV protons from the A detector that faces either East or West depending on the yaw flip of the satellite with no correction applied to remove electron contamination ";
P2W_UNCOR_FLUX:long_label = "protons-2-A (6.5 MeV) flux";
P2W_UNCOR_FLUX:short_label = "p2A fx";
P2W_UNCOR_FLUX:plot_label = "p2A(6.5 MeV)";
P2W_UNCOR_FLUX:lin_log = "log";
P2W_UNCOR_FLUX:units = "p/(cm^2 s sr MeV)";
P2W_UNCOR_FLUX:format = "E10.4";
P2W_UNCOR_FLUX:nominal_min = "1.0000E-03";
P2W_UNCOR_FLUX:nominal_max = "1.0000E+05";
P2W_UNCOR_FLUX:missing_value = "-99999";

float P3W_QUAL_FLAG(record);
P3W_QUAL_FLAG:description = "Quality flag non-zero value indicates data quality issue.";
P3W_QUAL_FLAG:long_label = "quality flag";
P3W_QUAL_FLAG:short_label = "qf";
P3W_QUAL_FLAG:plot_label = " ";
P3W_QUAL_FLAG:lin_log = "lin";
P3W_QUAL_FLAG:units = "qf";
P3W_QUAL_FLAG:format = "I";
P3W_QUAL_FLAG:nominal_min = "0";
P3W_QUAL_FLAG:nominal_max = "4294967295";
P3W_QUAL_FLAG:missing_value = "99999";

float P3W_UNCOR_CR(record);
P3W_UNCOR_CR:description = "Average number of counts per second of protons with energies from 8.7-14.5 MeV from the A detector that faces either East or West depending on the yaw flip of the satellite";
P3W_UNCOR_CR:long_label = "protons-3-A (8.7-14.5 MeV) count rate";
P3W_UNCOR_CR:short_label = "p3A cr";
P3W_UNCOR_CR:plot_label = "p3A(8.7-14.5 MeV)";
P3W_UNCOR_CR:lin_log = "log";
P3W_UNCOR_CR:units = "counts/s";
P3W_UNCOR_CR:format = "E10.4";
P3W_UNCOR_CR:nominal_min = "1.0000E-03";
P3W_UNCOR_CR:nominal_max = "1.0000E+05";
P3W_UNCOR_CR:missing_value = "-99999";

float P3W_UNCOR_FLUX(record);
P3W_UNCOR_FLUX:description = "Average flux of 11.6 MeV protons from the A detector that faces either East or West depending on the yaw flip of the satellite with no correction applied to remove electron contamination ";
P3W_UNCOR_FLUX:long_label = "protons-3-A (11.6 MeV) flux";
P3W_UNCOR_FLUX:short_label = "p3A fx";
P3W_UNCOR_FLUX:plot_label = "p3A(11.6 MeV)";
P3W_UNCOR_FLUX:lin_log = "log";
P3W_UNCOR_FLUX:units = "p/(cm^2 s sr MeV)";
P3W_UNCOR_FLUX:format = "E10.4";
P3W_UNCOR_FLUX:nominal_min = "1.0000E-03";
P3W_UNCOR_FLUX:nominal_max = "1.0000E+05";
P3W_UNCOR_FLUX:missing_value = "-99999";

float P4W_QUAL_FLAG(record);
P4W_QUAL_FLAG:description = "Quality flag non-zero value indicates data quality issue.";
P4W_QUAL_FLAG:long_label = "quality flag";
P4W_QUAL_FLAG:short_label = "qf";
P4W_QUAL_FLAG:plot_label = " ";
P4W_QUAL_FLAG:lin_log = "lin";
P4W_QUAL_FLAG:units = "qf";
P4W_QUAL_FLAG:format = "I";
P4W_QUAL_FLAG:nominal_min = "0";
P4W_QUAL_FLAG:nominal_max = "4294967295";
P4W_QUAL_FLAG:missing_value = "99999";

float P4W_UNCOR_CR(record);
P4W_UNCOR_CR:description = "Average number of counts per second of protons with energies from 15-40 MeV from the A detector that faces either East or West depending on the yaw flip of the satellite";
P4W_UNCOR_CR:long_label = "protons-4-A (15-40 MeV) count rate";
P4W_UNCOR_CR:short_label = "p4A cr";
P4W_UNCOR_CR:plot_label = "p4A(15-40 MeV)";
P4W_UNCOR_CR:lin_log = "log";
P4W_UNCOR_CR:units = "counts/s";
P4W_UNCOR_CR:format = "E10.4";
P4W_UNCOR_CR:nominal_min = "1.0000E-05";
P4W_UNCOR_CR:nominal_max = "1.0000E+05";
P4W_UNCOR_CR:missing_value = "-99999";

float P4W_UNCOR_FLUX(record);
P4W_UNCOR_FLUX:description = "Average flux of 30.6 MeV protons from theA detector that faces either East or West depending on the yaw flip of the satellite with no correction applied to remove electron contamination ";
P4W_UNCOR_FLUX:long_label = "protons-4-A (30.6 MeV) flux";
P4W_UNCOR_FLUX:short_label = "p4A fx";
P4W_UNCOR_FLUX:plot_label = "p4A(30.6 MeV)";
P4W_UNCOR_FLUX:lin_log = "log";
P4W_UNCOR_FLUX:units = "p/(cm^2 s sr MeV)";
P4W_UNCOR_FLUX:format = "E10.4";
P4W_UNCOR_FLUX:nominal_min = "1.0000E-05";
P4W_UNCOR_FLUX:nominal_max = "1.0000E+05";
P4W_UNCOR_FLUX:missing_value = "-99999";

float P5W_QUAL_FLAG(record);
P5W_QUAL_FLAG:description = "Quality flag non-zero value indicates data quality issue.";
P5W_QUAL_FLAG:long_label = "quality flag";
P5W_QUAL_FLAG:short_label = "qf";
P5W_QUAL_FLAG:plot_label = " ";
P5W_QUAL_FLAG:lin_log = "lin";
P5W_QUAL_FLAG:units = "qf";
P5W_QUAL_FLAG:format = "I";
P5W_QUAL_FLAG:nominal_min = "0";
P5W_QUAL_FLAG:nominal_max = "4294967295";
P5W_QUAL_FLAG:missing_value = "99999";

float P5W_UNCOR_CR(record);
P5W_UNCOR_CR:description = "Average number of counts per second of protons with energies from 38-82 MeV from the A detector that faces either East or West depending on the yaw flip of the satellite";
P5W_UNCOR_CR:long_label = "protons-5-A (38-82 MeV) count rate";
P5W_UNCOR_CR:short_label = "p5A cr";
P5W_UNCOR_CR:plot_label = "p5A(38-82 MeV)";
P5W_UNCOR_CR:lin_log = "log";
P5W_UNCOR_CR:units = "counts/s";
P5W_UNCOR_CR:format = "E10.4";
P5W_UNCOR_CR:nominal_min = "1.0000E-05";
P5W_UNCOR_CR:nominal_max = "1.0000E+05";
P5W_UNCOR_CR:missing_value = "-99999";

float P5W_UNCOR_FLUX(record);
P5W_UNCOR_FLUX:description = "Average flux of 63.1 MeV protons from the A detector that faces either East or West depending on the yaw flip of the satellite with no correction applied to remove electron contamination ";
P5W_UNCOR_FLUX:long_label = "protons-5-A (63.1 MeV) flux";
P5W_UNCOR_FLUX:short_label = "p5A fx";
P5W_UNCOR_FLUX:plot_label = "p5A(63.1 MeV)";
P5W_UNCOR_FLUX:lin_log = "log";
P5W_UNCOR_FLUX:units = "p/(cm^2 s sr MeV)";
P5W_UNCOR_FLUX:format = "E10.4";
P5W_UNCOR_FLUX:nominal_min = "1.0000E-05";
P5W_UNCOR_FLUX:nominal_max = "1.0000E+05";
P5W_UNCOR_FLUX:missing_value = "-99999";

float P6W_QUAL_FLAG(record);
P6W_QUAL_FLAG:description = "Quality flag non-zero value indicates data quality issue.";
P6W_QUAL_FLAG:long_label = "quality flag";
P6W_QUAL_FLAG:short_label = "qf";
P6W_QUAL_FLAG:plot_label = " ";
P6W_QUAL_FLAG:lin_log = "lin";
P6W_QUAL_FLAG:units = "qf";
P6W_QUAL_FLAG:format = "I";
P6W_QUAL_FLAG:nominal_min = "0";
P6W_QUAL_FLAG:nominal_max = "4294967295";
P6W_QUAL_FLAG:missing_value = "99999";

float P6W_UNCOR_CR(record);
P6W_UNCOR_CR:description = "Average number of counts per second of protons with energies from 84-200 MeV from the A detector that faces either East or West depending on the yaw flip of the satellite";
P6W_UNCOR_CR:long_label = "protons-6-A (84-200 MeV) count rate";
P6W_UNCOR_CR:short_label = "p6A cr";
P6W_UNCOR_CR:plot_label = "p6A(84-200 MeV)";
P6W_UNCOR_CR:lin_log = "log";
P6W_UNCOR_CR:units = "counts/s";
P6W_UNCOR_CR:format = "E10.4";
P6W_UNCOR_CR:nominal_min = "1.0000E-05";
P6W_UNCOR_CR:nominal_max = "1.0000E+05";
P6W_UNCOR_CR:missing_value = "-99999";

float P6W_UNCOR_FLUX(record);
P6W_UNCOR_FLUX:description = "Average flux of 165 MeV protons from the A detector that faces either East or West depending on the yaw flip of the satellite with no correction applied to remove electron contamination ";
P6W_UNCOR_FLUX:long_label = "protons-6-A (165 MeV) flux";
P6W_UNCOR_FLUX:short_label = "p6A fx";
P6W_UNCOR_FLUX:plot_label = "p6A(165 MeV)";
P6W_UNCOR_FLUX:lin_log = "log";
P6W_UNCOR_FLUX:units = "p/(cm^2 s sr MeV)";
P6W_UNCOR_FLUX:format = "E10.4";
P6W_UNCOR_FLUX:nominal_min = "1.0000E-05";
P6W_UNCOR_FLUX:nominal_max = "1.0000E+05";
P6W_UNCOR_FLUX:missing_value = "-99999";

float P7W_QUAL_FLAG(record);
P7W_QUAL_FLAG:description = "Quality flag non-zero value indicates data quality issue.";
P7W_QUAL_FLAG:long_label = "quality flag";
P7W_QUAL_FLAG:short_label = "qf";
P7W_QUAL_FLAG:plot_label = " ";
P7W_QUAL_FLAG:lin_log = "lin";
P7W_QUAL_FLAG:units = "qf";
P7W_QUAL_FLAG:format = "I";
P7W_QUAL_FLAG:nominal_min = "0";
P7W_QUAL_FLAG:nominal_max = "4294967295";
P7W_QUAL_FLAG:missing_value = "99999";

float P7W_UNCOR_CR(record);
P7W_UNCOR_CR:description = "Average number of counts per second of protons with energies from 110-900  MeV from the A detector that faces either East or West depending on the yaw flip of the satellite";
P7W_UNCOR_CR:long_label = "protons-7-A (110-900 MeV) count rate";
P7W_UNCOR_CR:short_label = "p7A cr";
P7W_UNCOR_CR:plot_label = "p7A(110-900 MeV)";
P7W_UNCOR_CR:lin_log = "log";
P7W_UNCOR_CR:units = "counts/s";
P7W_UNCOR_CR:format = "E10.4";
P7W_UNCOR_CR:nominal_min = "1.0000E-05";
P7W_UNCOR_CR:nominal_max = "1.0000E+05";
P7W_UNCOR_CR:missing_value = "-99999";

float P7W_UNCOR_FLUX(record);
P7W_UNCOR_FLUX:description = "Average flux of 433 MeV protons from the A detector that faces either East or West depending on the yaw flip of the satellite with no correction applied to remove electron contamination ";
P7W_UNCOR_FLUX:long_label = "protons-7-A (433 MeV) flux";
P7W_UNCOR_FLUX:short_label = "p7A fx";
P7W_UNCOR_FLUX:plot_label = "p7A(433 MeV)";
P7W_UNCOR_FLUX:lin_log = "log";
P7W_UNCOR_FLUX:units = "p/(cm^2 s sr MeV)";
P7W_UNCOR_FLUX:format = "E10.4";
P7W_UNCOR_FLUX:nominal_min = "1.0000E-05";
P7W_UNCOR_FLUX:nominal_max = "1.0000E+05";
P7W_UNCOR_FLUX:missing_value = "-99999";

// global attributes
:conventions = "GOES Space Weather"
:title = "GOES Electron,Proton,Alpha Detector"
:institution = "NOAA"
:source = "Satellite Insitu Observations"
:satellite_id = "GOES-13"
:instrument = "Electron,Proton,Alpha Detector"
:process-type = "Full resolution"
:process-level = "level 1b"
:sample-time = "32"
:sample-unit = "seconds"
:creation_date = "2012-10-08 22:02:53.114 UTC"
:start_date = "2012-09-27 00:00:30.623 UTC"
:end_date = "2012-09-27 23:59:33.303 UTC"
:records_maximum = "2635"
:records_present = "2627"
:records_missing = "8"
:originating_agency = "DOC/NOAA/NCEP/NWS/SWPC"
:archiving_agency = "DOC/NOAA/NESDIS/NGDC"

satellite location:
time_tag_orbit,west_longitude,inclination
2012-09-27 00:00:00.0, 74.7, 0.110

data: 
time_tag,P2W_QUAL_FLAG,P2W_UNCOR_CR,P2W_UNCOR_FLUX,P3W_QUAL_FLAG,P3W_UNCOR_CR,P3W_UNCOR_FLUX,P4W_QUAL_FLAG,P4W_UNCOR_CR,P4W_UNCOR_FLUX,P5W_QUAL_FLAG,P5W_UNCOR_CR,P5W_UNCOR_FLUX,P6W_QUAL_FLAG,P6W_UNCOR_CR,P6W_UNCOR_FLUX,P7W_QUAL_FLAG,P7W_UNCOR_CR,P7W_UNCOR_FLUX
2012-09-27 00:00:30.623,0,3.0488E-02,1.2098E-01,0,0.0,0.0,0,6.0976E-02,1.3141E-02,0,3.0488E-02,1.9670E-03,0,3.6585E-01,4.0650E-03,0,4.5732E-01,1.5244E-03
2012-09-27 00:01:03.390,0,1.2195E-01,4.8393E-01,0,0.0,0.0,0,0.0,0.0,0,2.4390E-01,1.5736E-02,0,1.8293E-01,2.0325E-03,0,5.7927E-01,1.9309E-03
2012-09-27 00:01:36.157,0,9.1463E-02,3.6295E-01,0,6.0976E-02,1.8762E-01,0,3.0488E-02,6.5707E-03,0,3.6585E-01,2.3604E-02,0,3.0488E-01,3.3875E-03,0,4.5732E-01,1.5244E-03
2012-09-27 00:02:08.927,0,1.2195E-01,4.8393E-01,0,0.0,0.0,0,0.0,0.0,0,6.0976E-02,3.9339E-03,0,2.4390E-01,2.7100E-03,0,6.4024E-01,2.1342E-03
2012-09-27 00:02:41.693,0,3.0488E-02,1.2098E-01,0,0.0,0.0,0,6.0976E-02,1.3141E-02,0,2.4390E-01,1.5736E-02,0,3.9634E-01,4.4038E-03,0,4.5732E-01,1.5244E-03
2012-09-27 00:03:14.460,0,6.0976E-02,2.4197E-01,0,0.0,0.0,0,6.0976E-02,1.3141E-02,0,2.7439E-01,1.7703E-02,0,2.4390E-01,2.7100E-03,0,4.5732E-01,1.5244E-03
2012-09-27 00:03:47.227,0,9.1463E-02,3.6295E-01,0,0.0,0.0,0,9.1463E-02,1.9712E-02,0,2.1342E-01,1.3769E-02,0,1.2195E-01,1.3550E-03,0,5.4878E-01,1.8293E-03
2012-09-27 00:04:19.997,0,9.1463E-02,3.6295E-01,0,3.0488E-02,9.3809E-02,0,1.5244E-01,3.2853E-02,0,2.1342E-01,1.3769E-02,0,4.2683E-01,4.7426E-03,0,5.1829E-01,1.7276E-03
2012-09-27 00:04:52.763,0,6.0976E-02,2.4197E-01,0,0.0,0.0,0,6.0976E-02,1.3141E-02,0,6.0976E-02,3.9339E-03,0,3.6585E-01,4.0650E-03,0,3.6585E-01,1.2195E-03
2012-09-27 00:05:25.530,0,1.5244E-01,6.0492E-01,0,0.0,0.0,0,6.0976E-02,1.3141E-02,0,3.0488E-01,1.9670E-02,0,3.3537E-01,3.7263E-03,0,4.8780E-01,1.6260E-03
2012-09-27 00:05:58.297,0,6.0976E-02,2.4197E-01,0,0.0,0.0,0,1.5244E-01,3.2853E-02,0,1.8293E-01,1.1802E-02,0,4.2683E-01,4.7426E-03,0,7.0122E-01,2.3374E-03
2012-09-27 00:06:31.067,0,2.1342E-01,8.4688E-01,0,9.1463E-02,2.8143E-01,0,1.8293E-01,3.9424E-02,0,2.7439E-01,1.7703E-02,0,4.5732E-01,5.0813E-03,0,7.6220E-01,2.5407E-03
2012-09-27 00:07:03.833,0,1.5244E-01,6.0492E-01,0,0.0,0.0,0,9.1463E-02,1.9712E-02,0,2.1342E-01,1.3769E-02,0,3.0488E-01,3.3875E-03,0,4.5732E-01,1.5244E-03
2012-09-27 00:07:36.600,0,1.2195E-01,4.8393E-01,0,0.0,0.0,0,0.0,0.0,0,2.4390E-01,1.5736E-02,0,3.0488E-01,3.3875E-03,0,4.5732E-01,1.5244E-03
2012-09-27 00:08:09.370,0,6.0976E-02,2.4197E-01,0,0.0,0.0,0,1.2195E-01,2.6283E-02,0,2.4390E-01,1.5736E-02,0,3.0488E-01,3.3875E-03,0,5.4878E-01,1.8293E-03
2012-09-27 00:08:42.137,0,0.0,0.0,0,6.0976E-02,1.8762E-01,0,0.0,0.0,0,1.5244E-01,9.8348E-03,0,3.0488E-01,3.3875E-03,0,3.9634E-01,1.3211E-03
2012-09-27 00:09:14.903,0,1.8293E-01,7.2590E-01,0,3.0488E-02,9.3809E-02,0,6.0976E-02,1.3141E-02,0,1.2195E-01,7.8678E-03,0,3.0488E-01,3.3875E-03,0,4.8780E-01,1.6260E-03
2012-09-27 00:09:47.673,0,9.1463E-02,3.6295E-01,0,3.0488E-02,9.3809E-02,0,3.0488E-02,6.5707E-03,0,1.5244E-01,9.8348E-03,0,3.0488E-01,3.3875E-03,0,5.7927E-01,1.9309E-03
2012-09-27 00:10:20.440,0,6.0976E-02,2.4197E-01,0,6.0976E-02,1.8762E-01,0,1.5244E-01,3.2853E-02,0,1.5244E-01,9.8348E-03,0,3.3537E-01,3.7263E-03,0,6.4024E-01,2.1342E-03
2012-09-27 00:10:53.207,0,9.1463E-02,3.6295E-01,0,0.0,0.0,0,1.8293E-01,3.9424E-02,0,2.7439E-01,1.7703E-02,0,5.4878E-01,6.0976E-03,0,6.0976E-01,2.0325E-03
2012-09-27 00:11:25.977,0,3.0488E-01,1.2098E+00,0,0.0,0.0,0,9.1463E-02,1.9712E-02,0,1.8293E-01,1.1802E-02,0,3.3537E-01,3.7263E-03,0,3.0488E-01,1.0163E-03
2012-09-27 00:11:58.743,0,6.0976E-02,2.4197E-01,0,0.0,0.0,0,1.2195E-01,2.6283E-02,0,2.4390E-01,1.5736E-02,0,2.1342E-01,2.3713E-03,0,6.0976E-01,2.0325E-03
2012-09-27 00:12:31.510,0,9.1463E-02,3.6295E-01,0,0.0,0.0,0,6.0976E-02,1.3141E-02,0,1.8293E-01,1.1802E-02,0,2.7439E-01,3.0488E-03,0,5.1829E-01,1.7276E-03
2012-09-27 00:13:04.277,0,1.8293E-01,7.2590E-01,0,3.0488E-02,9.3809E-02,0,9.1463E-02,1.9712E-02,0,2.1342E-01,1.3769E-02,0,5.4878E-01,6.0976E-03,0,5.7927E-01,1.9309E-03
2012-09-27 00:13:37.047,0,3.0488E-02,1.2098E-01,0,3.0488E-02,9.3809E-02,0,3.0488E-02,6.5707E-03,0,2.4390E-01,1.5736E-02,0,3.6585E-01,4.0650E-03,0,7.3171E-01,2.4390E-03
2012-09-27 00:14:09.813,0,1.2195E-01,4.8393E-01,0,6.0976E-02,1.8762E-01,0,2.1342E-01,4.5994E-02,0,2.1342E-01,1.3769E-02,0,3.0488E-01,3.3875E-03,0,5.7927E-01,1.9309E-03
2012-09-27 00:14:42.580,0,3.0488E-02,1.2098E-01,0,0.0,0.0,0,1.2195E-01,2.6283E-02,0,1.8293E-01,1.1802E-02,0,4.2683E-01,4.7426E-03,0,6.7073E-01,2.2358E-03
2012-09-27 00:15:15.350,0,2.1342E-01,8.4688E-01,0,3.0488E-02,9.3809E-02,0,1.2195E-01,2.6283E-02,0,3.0488E-01,1.9670E-02,0,4.8780E-01,5.4200E-03,0,6.4024E-01,2.1342E-03
2012-09-27 00:15:48.117,0,9.1463E-02,3.6295E-01,0,3.0488E-02,9.3809E-02,0,3.0488E-02,6.5707E-03,0,1.8293E-01,1.1802E-02,0,3.0488E-01,3.3875E-03,0,5.7927E-01,1.9309E-03
2012-09-27 00:16:20.883,0,9.1463E-02,3.6295E-01,0,0.0,0.0,0,1.2195E-01,2.6283E-02,0,1.8293E-01,1.1802E-02,0,5.4878E-01,6.0976E-03,0,6.7073E-01,2.2358E-03
2012-09-27 00:16:53.653,0,6.0976E-02,2.4197E-01,0,3.0488E-02,9.3809E-02,0,6.0976E-02,1.3141E-02,0,9.1463E-02,5.9009E-03,0,3.0488E-01,3.3875E-03,0,7.9268E-01,2.6423E-03
2012-09-27 00:17:26.420,0,1.8293E-01,7.2590E-01,0,3.0488E-02,9.3809E-02,0,9.1463E-02,1.9712E-02,0,2.1342E-01,1.3769E-02,0,3.0488E-01,3.3875E-03,0,6.4024E-01,2.1342E-03
2012-09-27 00:17:59.187,0,9.1463E-02,3.6295E-01,0,0.0,0.0,0,6.0976E-02,1.3141E-02,0,1.2195E-01,7.8678E-03,0,5.1829E-01,5.7588E-03,0,4.8780E-01,1.6260E-03
2012-09-27 00:18:31.957,0,6.0976E-02,2.4197E-01,0,0.0,0.0,0,1.8293E-01,3.9424E-02,0,1.2195E-01,7.8678E-03,0,3.9634E-01,4.4038E-03,0,7.6220E-01,2.5407E-03
2012-09-27 00:19:04.723,0,3.0488E-02,1.2098E-01,0,0.0,0.0,0,1.5244E-01,3.2853E-02,0,2.1342E-01,1.3769E-02,0,3.9634E-01,4.4038E-03,0,2.4390E-01,8.1301E-04
2012-09-27 00:19:37.490,0,2.4390E-01,9.6787E-01,0,6.0976E-02,1.8762E-01,0,3.0488E-02,6.5707E-03,0,1.2195E-01,7.8678E-03,0,3.9634E-01,4.4038E-03,0,4.2683E-01,1.4228E-03
2012-09-27 00:20:10.257,0,1.8293E-01,7.2590E-01,0,0.0,0.0,0,9.1463E-02,1.9712E-02,0,2.1342E-01,1.3769E-02,0,3.6585E-01,4.0650E-03,0,8.2317E-01,2.7439E-03
2012-09-27 00:20:43.027,0,0.0,0.0,0,3.0488E-02,9.3809E-02,0,9.1463E-02,1.9712E-02,0,2.4390E-01,1.5736E-02,0,5.1829E-01,5.7588E-03,0,3.0488E-01,1.0163E-03
2012-09-27 00:21:15.793,0,1.5244E-01,6.0492E-01,0,0.0,0.0,0,2.1342E-01,4.5994E-02,0,1.5244E-01,9.8348E-03,0,3.9634E-01,4.4038E-03,0,6.4024E-01,2.1342E-03
2012-09-27 00:21:48.560,0,1.5244E-01,6.0492E-01,0,3.0488E-02,9.3809E-02,0,9.1463E-02,1.9712E-02,0,2.7439E-01,1.7703E-02,0,5.4878E-01,6.0976E-03,0,6.7073E-01,2.2358E-03
2012-09-27 00:22:21.327,0,6.0976E-02,2.4197E-01,0,0.0,0.0,0,9.1463E-02,1.9712E-02,0,1.2195E-01,7.8678E-03,0,3.0488E-01,3.3875E-03,0,4.5732E-01,1.5244E-03
2012-09-27 00:22:54.097,0,2.4390E-01,9.6787E-01,0,3.0488E-02,9.3809E-02,0,1.2195E-01,2.6283E-02,0,1.8293E-01,1.1802E-02,0,3.0488E-01,3.3875E-03,0,5.7927E-01,1.9309E-03
2012-09-27 00:23:26.863,0,6.0976E-02,2.4197E-01,0,3.0488E-02,9.3809E-02,0,1.8293E-01,3.9424E-02,0,1.8293E-01,1.1802E-02,0,4.2683E-01,4.7426E-03,0,4.8780E-01,1.6260E-03
2012-09-27 00:23:59.630,0,2.4390E-01,9.6787E-01,0,0.0,0.0,0,1.2195E-01,2.6283E-02,0,2.1342E-01,1.3769E-02,0,2.7439E-01,3.0488E-03,0,5.7927E-01,1.9309E-03
2012-09-27 00:24:32.400,0,6.0976E-02,2.4197E-01,0,6.0976E-02,1.8762E-01,0,3.0488E-02,6.5707E-03,0,9.1463E-02,5.9009E-03,0,4.8780E-01,5.4200E-03,0,5.1829E-01,1.7276E-03
2012-09-27 00:25:05.167,0,6.0976E-02,2.4197E-01,0,3.0488E-02,9.3809E-02,0,6.0976E-02,1.3141E-02,0,2.1342E-01,1.3769E-02,0,2.1342E-01,2.3713E-03,0,8.8415E-01,2.9471E-03
2012-09-27 00:25:37.933,0,1.8293E-01,7.2590E-01,0,3.0488E-02,9.3809E-02,0,9.1463E-02,1.9712E-02,0,9.1463E-02,5.9009E-03,0,3.6585E-01,4.0650E-03,0,7.0122E-01,2.3374E-03
2012-09-27 00:26:10.703,0,3.0488E-02,1.2098E-01,0,0.0,0.0,0,1.2195E-01,2.6283E-02,0,2.7439E-01,1.7703E-02,0,3.3537E-01,3.7263E-03,0,5.7927E-01,1.9309E-03
2012-09-27 00:26:43.470,0,3.0488E-02,1.2098E-01,0,0.0,0.0,0,1.5244E-01,3.2853E-02,0,2.7439E-01,1.7703E-02,0,4.5732E-01,5.0813E-03,0,7.0122E-01,2.3374E-03
2012-09-27 00:27:16.237,0,9.1463E-02,3.6295E-01,0,0.0,0.0,0,1.5244E-01,3.2853E-02,0,2.7439E-01,1.7703E-02,0,5.1829E-01,5.7588E-03,0,7.0122E-01,2.3374E-03
2012-09-27 00:27:49.007,0,6.0976E-02,2.4197E-01,0,0.0,0.0,0,9.1463E-02,1.9712E-02,0,3.0488E-01,1.9670E-02,0,4.5732E-01,5.0813E-03,0,7.9268E-01,2.6423E-03
2012-09-27 00:28:21.773,0,6.0976E-02,2.4197E-01,0,1.2195E-01,3.7524E-01,0,9.1463E-02,1.9712E-02,0,1.8293E-01,1.1802E-02,0,4.2683E-01,4.7426E-03,0,7.0122E-01,2.3374E-03
2012-09-27 00:28:54.540,0,2.1342E-01,8.4688E-01,0,3.0488E-02,9.3809E-02,0,1.2195E-01,2.6283E-02,0,2.4390E-01,1.5736E-02,0,6.0976E-01,6.7751E-03,0,6.7073E-01,2.2358E-03
2012-09-27 00:29:27.307,0,1.5244E-01,6.0492E-01,0,3.0488E-02,9.3809E-02,0,1.5244E-01,3.2853E-02,0,1.2195E-01,7.8678E-03,0,3.0488E-01,3.3875E-03,0,4.2683E-01,1.4228E-03
2012-09-27 00:30:00.077,0,1.2195E-01,4.8393E-01,0,6.0976E-02,1.8762E-01,0,1.2195E-01,2.6283E-02,0,9.1463E-02,5.9009E-03,0,3.0488E-01,3.3875E-03,0,4.2683E-01,1.4228E-03
2012-09-27 00:30:32.843,0,1.2195E-01,4.8393E-01,0,0.0,0.0,0,3.0488E-02,6.5707E-03,0,2.7439E-01,1.7703E-02,0,4.5732E-01,5.0813E-03,0,6.0976E-01,2.0325E-03
2012-09-27 00:31:05.610,0,2.1342E-01,8.4688E-01,0,0.0,0.0,0,6.0976E-02,1.3141E-02,0,3.0488E-01,1.9670E-02,0,4.5732E-01,5.0813E-03,0,6.7073E-01,2.2358E-03
2012-09-27 00:31:38.377,0,1.2195E-01,4.8393E-01,0,0.0,0.0,0,1.2195E-01,2.6283E-02,0,2.4390E-01,1.5736E-02,0,2.4390E-01,2.7100E-03,0,5.7927E-01,1.9309E-03
2012-09-27 00:32:11.147,0,1.8293E-01,7.2590E-01,0,6.0976E-02,1.8762E-01,0,6.0976E-02,1.3141E-02,0,1.2195E-01,7.8678E-03,0,3.6585E-01,4.0650E-03,0,4.5732E-01,1.5244E-03
2012-09-27 00:32:43.913,0,1.5244E-01,6.0492E-01,0,0.0,0.0,0,1.2195E-01,2.6283E-02,0,1.5244E-01,9.8348E-03,0,2.7439E-01,3.0488E-03,0,5.4878E-01,1.8293E-03
2012-09-27 00:33:16.680,0,2.7439E-01,1.0888E+00,0,0.0,0.0,0,6.0976E-02,1.3141E-02,0,6.0976E-02,3.9339E-03,0,3.9634E-01,4.4038E-03,0,5.7927E-01,1.9309E-03
2012-09-27 00:33:49.450,0,9.1463E-02,3.6295E-01,0,6.0976E-02,1.8762E-01,0,6.0976E-02,1.3141E-02,0,1.5244E-01,9.8348E-03,0,3.3537E-01,3.7263E-03,0,4.5732E-01,1.5244E-03
2012-09-27 00:34:22.217,0,2.7439E-01,1.0888E+00,0,0.0,0.0,0,0.0,0.0,0,6.0976E-02,3.9339E-03,0,5.1829E-01,5.7588E-03,0,6.0976E-01,2.0325E-03
2012-09-27 00:34:54.983,0,3.0488E-02,1.2098E-01,0,3.0488E-02,9.3809E-02,0,2.1342E-01,4.5994E-02,0,1.5244E-01,9.8348E-03,0,3.3537E-01,3.7263E-03,0,3.9634E-01,1.3211E-03
2012-09-27 00:35:27.753,0,1.2195E-01,4.8393E-01,0,3.0488E-02,9.3809E-02,0,1.8293E-01,3.9424E-02,0,2.4390E-01,1.5736E-02,0,4.2683E-01,4.7426E-03,0,5.1829E-01,1.7276E-03
2012-09-27 00:36:00.520,0,1.8293E-01,7.2590E-01,0,6.0976E-02,1.8762E-01,0,6.0976E-02,1.3141E-02,0,1.5244E-01,9.8348E-03,0,4.8780E-01,5.4200E-03,0,5.1829E-01,1.7276E-03
2012-09-27 00:36:33.287,0,9.1463E-02,3.6295E-01,0,6.0976E-02,1.8762E-01,0,9.1463E-02,1.9712E-02,0,3.0488E-01,1.9670E-02,0,4.2683E-01,4.7426E-03,0,6.7073E-01,2.2358E-03
2012-09-27 00:37:06.057,0,1.8293E-01,7.2590E-01,0,6.0976E-02,1.8762E-01,0,9.1463E-02,1.9712E-02,0,1.5244E-01,9.8348E-03,0,3.3537E-01,3.7263E-03,0,4.5732E-01,1.5244E-03
2012-09-27 00:37:38.823,0,9.1463E-02,3.6295E-01,0,0.0,0.0,0,3.0488E-02,6.5707E-03,0,2.4390E-01,1.5736E-02,0,3.0488E-01,3.3875E-03,0,5.7927E-01,1.9309E-03
2012-09-27 00:38:11.590,0,1.2195E-01,4.8393E-01,0,0.0,0.0,0,1.2195E-01,2.6283E-02,0,2.1342E-01,1.3769E-02,0,3.9634E-01,4.4038E-03,0,4.2683E-01,1.4228E-03
2012-09-27 00:38:44.357,0,1.2195E-01,4.8393E-01,0,0.0,0.0,0,1.5244E-01,3.2853E-02,0,1.5244E-01,9.8348E-03,0,3.6585E-01,4.0650E-03,0,6.0976E-01,2.0325E-03
2012-09-27 00:39:17.127,0,1.5244E-01,6.0492E-01,0,0.0,0.0,0,9.1463E-02,1.9712E-02,0,1.8293E-01,1.1802E-02,0,2.7439E-01,3.0488E-03,0,6.7073E-01,2.2358E-03
2012-09-27 00:39:49.893,0,6.0976E-02,2.4197E-01,0,0.0,0.0,0,9.1463E-02,1.9712E-02,0,9.1463E-02,5.9009E-03,0,3.6585E-01,4.0650E-03,0,4.5732E-01,1.5244E-03
2012-09-27 00:40:22.660,0,1.8293E-01,7.2590E-01,0,0.0,0.0,0,1.2195E-01,2.6283E-02,0,1.2195E-01,7.8678E-03,0,4.8780E-01,5.4200E-03,0,5.4878E-01,1.8293E-03
2012-09-27 00:40:55.427,0,9.1463E-02,3.6295E-01,0,0.0,0.0,0,1.5244E-01,3.2853E-02,0,3.0488E-01,1.9670E-02,0,4.2683E-01,4.7426E-03,0,6.4024E-01,2.1342E-03
2012-09-27 00:41:28.197,0,1.5244E-01,6.0492E-01,0,3.0488E-02,9.3809E-02,0,6.0976E-02,1.3141E-02,0,3.3537E-01,2.1636E-02,0,3.3537E-01,3.7263E-03,0,7.3171E-01,2.4390E-03
2012-09-27 00:42:00.963,0,9.1463E-02,3.6295E-01,0,0.0,0.0,0,9.1463E-02,1.9712E-02,0,6.0976E-02,3.9339E-03,0,1.8293E-01,2.0325E-03,0,5.7927E-01,1.9309E-03
2012-09-27 00:42:33.730,0,1.5244E-01,6.0492E-01,0,0.0,0.0,0,9.1463E-02,1.9712E-02,0,1.8293E-01,1.1802E-02,0,3.3537E-01,3.7263E-03,0,5.7927E-01,1.9309E-03
2012-09-27 00:43:06.500,0,1.8293E-01,7.2590E-01,0,3.0488E-02,9.3809E-02,0,3.0488E-02,6.5707E-03,0,1.5244E-01,9.8348E-03,0,4.5732E-01,5.0813E-03,0,4.2683E-01,1.4228E-03
2012-09-27 00:43:39.267,0,1.2195E-01,4.8393E-01,0,6.0976E-02,1.8762E-01,0,1.2195E-01,2.6283E-02,0,9.1463E-02,5.9009E-03,0,2.4390E-01,2.7100E-03,0,7.9268E-01,2.6423E-03
2012-09-27 00:44:12.033,0,9.1463E-02,3.6295E-01,0,3.0488E-02,9.3809E-02,0,9.1463E-02,1.9712E-02,0,1.2195E-01,7.8678E-03,0,4.5732E-01,5.0813E-03,0,5.4878E-01,1.8293E-03
2012-09-27 00:44:44.803,0,6.0976E-02,2.4197E-01,0,0.0,0.0,0,1.8293E-01,3.9424E-02,0,1.8293E-01,1.1802E-02,0,3.0488E-01,3.3875E-03,0,4.5732E-01,1.5244E-03
2012-09-27 00:45:17.570,0,1.8293E-01,7.2590E-01,0,3.0488E-02,9.3809E-02,0,9.1463E-02,1.9712E-02,0,1.8293E-01,1.1802E-02,0,4.5732E-01,5.0813E-03,0,4.5732E-01,1.5244E-03
2012-09-27 00:45:50.337,0,1.5244E-01,6.0492E-01,0,9.1463E-02,2.8143E-01,0,9.1463E-02,1.9712E-02,0,1.8293E-01,1.1802E-02,0,2.7439E-01,3.0488E-03,0,6.4024E-01,2.1342E-03
2012-09-27 00:46:23.107,0,6.0976E-02,2.4197E-01,0,3.0488E-02,9.3809E-02,0,6.0976E-02,1.3141E-02,0,1.2195E-01,7.8678E-03,0,5.1829E-01,5.7588E-03,0,7.0122E-01,2.3374E-03
2012-09-27 00:46:55.873,0,6.0976E-02,2.4197E-01,0,6.0976E-02,1.8762E-01,0,9.1463E-02,1.9712E-02,0,2.4390E-01,1.5736E-02,0,2.7439E-01,3.0488E-03,0,6.4024E-01,2.1342E-03
2012-09-27 00:47:28.640,0,2.1342E-01,8.4688E-01,0,0.0,0.0,0,1.2195E-01,2.6283E-02,0,1.5244E-01,9.8348E-03,0,3.0488E-01,3.3875E-03,0,3.6585E-01,1.2195E-03
2012-09-27 00:48:01.407,0,1.2195E-01,4.8393E-01,0,3.0488E-02,9.3809E-02,0,1.5244E-01,3.2853E-02,0,2.4390E-01,1.5736E-02,0,3.9634E-01,4.4038E-03,0,7.3171E-01,2.4390E-03
2012-09-27 00:48:34.177,0,1.5244E-01,6.0492E-01,0,0.0,0.0,0,6.0976E-02,1.3141E-02,0,2.4390E-01,1.5736E-02,0,2.4390E-01,2.7100E-03,0,5.1829E-01,1.7276E-03
2012-09-27 00:49:06.943,0,1.2195E-01,4.8393E-01,0,0.0,0.0,0,1.8293E-01,3.9424E-02,0,1.2195E-01,7.8678E-03,0,2.1342E-01,2.3713E-03,0,5.4878E-01,1.8293E-03
2012-09-27 00:49:39.710,0,1.2195E-01,4.8393E-01,0,3.0488E-02,9.3809E-02,0,9.1463E-02,1.9712E-02,0,2.7439E-01,1.7703E-02,0,3.9634E-01,4.4038E-03,0,6.4024E-01,2.1342E-03
2012-09-27 00:50:12.477,0,1.8293E-01,7.2590E-01,0,6.0976E-02,1.8762E-01,0,3.0488E-02,6.5707E-03,0,1.8293E-01,1.1802E-02,0,4.5732E-01,5.0813E-03,0,5.4878E-01,1.8293E-03
2012-09-27 00:50:45.247,0,3.0488E-02,1.2098E-01,0,0.0,0.0,0,1.5244E-01,3.2853E-02,0,2.4390E-01,1.5736E-02,0,2.4390E-01,2.7100E-03,0,8.2317E-01,2.7439E-03
2012-09-27 00:51:18.013,0,2.1342E-01,8.4688E-01,0,3.0488E-02,9.3809E-02,0,3.0488E-02,6.5707E-03,0,9.1463E-02,5.9009E-03,0,3.0488E-01,3.3875E-03,0,5.1829E-01,1.7276E-03
2012-09-27 00:51:50.780,0,1.2195E-01,4.8393E-01,0,0.0,0.0,0,1.2195E-01,2.6283E-02,0,2.4390E-01,1.5736E-02,0,3.3537E-01,3.7263E-03,0,6.4024E-01,2.1342E-03
2012-09-27 00:52:23.550,0,2.4390E-01,9.6787E-01,0,3.0488E-02,9.3809E-02,0,6.0976E-02,1.3141E-02,0,3.0488E-01,1.9670E-02,0,2.4390E-01,2.7100E-03,0,3.9634E-01,1.3211E-03
2012-09-27 00:52:56.317,0,1.8293E-01,7.2590E-01,0,3.0488E-02,9.3809E-02,0,6.0976E-02,1.3141E-02,0,1.8293E-01,1.1802E-02,0,3.0488E-01,3.3875E-03,0,3.9634E-01,1.3211E-03
2012-09-27 00:53:29.083,0,3.0488E-02,1.2098E-01,0,0.0,0.0,0,6.0976E-02,1.3141E-02,0,2.1342E-01,1.3769E-02,0,5.4878E-01,6.0976E-03,0,4.5732E-01,1.5244E-03
2012-09-27 00:54:01.853,0,1.2195E-01,4.8393E-01,0,0.0,0.0,0,6.0976E-02,1.3141E-02,0,6.0976E-02,3.9339E-03,0,4.2683E-01,4.7426E-03,0,6.0976E-01,2.0325E-03
2012-09-27 00:54:34.620,0,2.4390E-01,9.6787E-01,0,0.0,0.0,0,6.0976E-02,1.3141E-02,0,1.8293E-01,1.1802E-02,0,3.0488E-01,3.3875E-03,0,6.7073E-01,2.2358E-03
2012-09-27 00:55:07.387,0,2.1342E-01,8.4688E-01,0,3.0488E-02,9.3809E-02,0,9.1463E-02,1.9712E-02,0,2.1342E-01,1.3769E-02,0,2.7439E-01,3.0488E-03,0,4.5732E-01,1.5244E-03
2012-09-27 00:55:40.157,0,1.8293E-01,7.2590E-01,0,3.0488E-02,9.3809E-02,0,6.0976E-02,1.3141E-02,0,1.5244E-01,9.8348E-03,0,5.1829E-01,5.7588E-03,0,3.3537E-01,1.1179E-03
2012-09-27 00:56:12.923,0,3.3537E-01,1.3308E+00,0,3.0488E-02,9.3809E-02,0,2.1342E-01,4.5994E-02,0,1.5244E-01,9.8348E-03,0,1.8293E-01,2.0325E-03,0,5.4878E-01,1.8293E-03
2012-09-27 00:56:45.690,0,2.7439E-01,1.0888E+00,0,3.0488E-02,9.3809E-02,0,9.1463E-02,1.9712E-02,0,1.5244E-01,9.8348E-03,0,3.6585E-01,4.0650E-03,0,4.5732E-01,1.5244E-03
2012-09-27 00:57:18.457,0,1.2195E-01,4.8393E-01,0,3.0488E-02,9.3809E-02,0,0.0,0.0,0,1.8293E-01,1.1802E-02,0,2.4390E-01,2.7100E-03,0,7.0122E-01,2.3374E-03
2012-09-27 00:57:51.227,0,1.2195E-01,4.8393E-01,0,0.0,0.0,0,1.2195E-01,2.6283E-02,0,1.8293E-01,1.1802E-02,0,4.2683E-01,4.7426E-03,0,7.0122E-01,2.3374E-03
2012-09-27 00:58:23.993,0,1.2195E-01,4.8393E-01,0,0.0,0.0,0,1.2195E-01,2.6283E-02,0,1.8293E-01,1.1802E-02,0,4.2683E-01,4.7426E-03,0,5.7927E-01,1.9309E-03
2012-09-27 00:58:56.760,0,1.8293E-01,7.2590E-01,0,0.0,0.0,0,9.1463E-02,1.9712E-02,0,1.8293E-01,1.1802E-02,0,4.2683E-01,4.7426E-03,0,7.6220E-01,2.5407E-03
2012-09-27 01:00:02.297,0,1.5244E-01,6.0492E-01,0,0.0,0.0,0,9.1463E-02,1.9712E-02,0,1.5244E-01,9.8348E-03,0,4.2683E-01,4.7426E-03,0,7.3171E-01,2.4390E-03
2012-09-27 01:00:35.063,0,1.8293E-01,7.2590E-01,0,3.0488E-02,9.3809E-02,0,6.0976E-02,1.3141E-02,0,3.0488E-01,1.9670E-02,0,3.0488E-01,3.3875E-03,0,3.9634E-01,1.3211E-03
2012-09-27 01:01:07.830,0,2.1342E-01,8.4688E-01,0,3.0488E-02,9.3809E-02,0,1.2195E-01,2.6283E-02,0,2.4390E-01,1.5736E-02,0,3.3537E-01,3.7263E-03,0,6.7073E-01,2.2358E-03
2012-09-27 01:01:40.600,0,1.5244E-01,6.0492E-01,0,3.0488E-02,9.3809E-02,0,1.2195E-01,2.6283E-02,0,1.8293E-01,1.1802E-02,0,4.8780E-01,5.4200E-03,0,4.8780E-01,1.6260E-03
2012-09-27 01:02:13.367,0,9.1463E-02,3.6295E-01,0,3.0488E-02,9.3809E-02,0,3.0488E-02,6.5707E-03,0,2.4390E-01,1.5736E-02,0,2.7439E-01,3.0488E-03,0,3.6585E-01,1.2195E-03
2012-09-27 01:02:46.133,0,2.4390E-01,9.6787E-01,0,0.0,0.0,0,9.1463E-02,1.9712E-02,0,1.8293E-01,1.1802E-02,0,5.7927E-01,6.4363E-03,0,4.5732E-01,1.5244E-03
2012-09-27 01:03:18.903,0,2.7439E-01,1.0888E+00,0,0.0,0.0,0,3.0488E-02,6.5707E-03,0,3.3537E-01,2.1636E-02,0,3.6585E-01,4.0650E-03,0,6.7073E-01,2.2358E-03
2012-09-27 01:03:51.670,0,9.1463E-02,3.6295E-01,0,0.0,0.0,0,1.8293E-01,3.9424E-02,0,9.1463E-02,5.9009E-03,0,1.5244E-01,1.6938E-03,0,7.9268E-01,2.6423E-03
2012-09-27 01:04:24.437,0,1.8293E-01,7.2590E-01,0,0.0,0.0,0,3.0488E-02,6.5707E-03,0,2.7439E-01,1.7703E-02,0,1.2195E-01,1.3550E-03,0,4.2683E-01,1.4228E-03
2012-09-27 01:04:57.207,0,9.1463E-02,3.6295E-01,0,0.0,0.0,0,1.8293E-01,3.9424E-02,0,9.1463E-02,5.9009E-03,0,4.5732E-01,5.0813E-03,0,4.8780E-01,1.6260E-03
2012-09-27 01:05:29.973,0,1.8293E-01,7.2590E-01,0,3.0488E-02,9.3809E-02,0,1.8293E-01,3.9424E-02,0,1.2195E-01,7.8678E-03,0,3.9634E-01,4.4038E-03,0,4.5732E-01,1.5244E-03
2012-09-27 01:06:02.740,0,2.7439E-01,1.0888E+00,0,0.0,0.0,0,6.0976E-02,1.3141E-02,0,2.1342E-01,1.3769E-02,0,3.6585E-01,4.0650E-03,0,4.5732E-01,1.5244E-03
2012-09-27 01:06:35.507,0,9.1463E-02,3.6295E-01,0,0.0,0.0,0,3.0488E-02,6.5707E-03,0,3.3537E-01,2.1636E-02,0,3.6585E-01,4.0650E-03,0,6.7073E-01,2.2358E-03
2012-09-27 01:07:08.277,0,1.5244E-01,6.0492E-01,0,0.0,0.0,0,1.2195E-01,2.6283E-02,0,1.8293E-01,1.1802E-02,0,3.3537E-01,3.7263E-03,0,6.7073E-01,2.2358E-03
2012-09-27 01:07:41.043,0,6.0976E-02,2.4197E-01,0,3.0488E-02,9.3809E-02,0,1.8293E-01,3.9424E-02,0,1.2195E-01,7.8678E-03,0,2.4390E-01,2.7100E-03,0,6.7073E-01,2.2358E-03
2012-09-27 01:08:13.810,0,1.2195E-01,4.8393E-01,0,3.0488E-02,9.3809E-02,0,9.1463E-02,1.9712E-02,0,2.1342E-01,1.3769E-02,0,4.8780E-01,5.4200E-03,0,5.1829E-01,1.7276E-03
2012-09-27 01:08:46.577,0,2.7439E-01,1.0888E+00,0,3.0488E-02,9.3809E-02,0,1.5244E-01,3.2853E-02,0,2.4390E-01,1.5736E-02,0,2.4390E-01,2.7100E-03,0,6.4024E-01,2.1342E-03
2012-09-27 01:09:19.347,0,3.0488E-02,1.2098E-01,0,3.0488E-02,9.3809E-02,0,3.0488E-02,6.5707E-03,0,9.1463E-02,5.9009E-03,0,2.4390E-01,2.7100E-03,0,7.6220E-01,2.5407E-03
2012-09-27 01:09:52.113,0,2.7439E-01,1.0888E+00,0,0.0,0.0,0,2.1342E-01,4.5994E-02,0,2.1342E-01,1.3769E-02,0,4.2683E-01,4.7426E-03,0,6.0976E-01,2.0325E-03
2012-09-27 01:10:24.880,0,1.2195E-01,4.8393E-01,0,3.0488E-02,9.3809E-02,0,1.8293E-01,3.9424E-02,0,2.1342E-01,1.3769E-02,0,4.5732E-01,5.0813E-03,0,4.5732E-01,1.5244E-03
2012-09-27 01:10:57.650,0,1.5244E-01,6.0492E-01,0,0.0,0.0,0,9.1463E-02,1.9712E-02,0,1.2195E-01,7.8678E-03,0,3.6585E-01,4.0650E-03,0,4.8780E-01,1.6260E-03
2012-09-27 01:11:30.417,0,6.0976E-02,2.4197E-01,0,3.0488E-02,9.3809E-02,0,9.1463E-02,1.9712E-02,0,1.8293E-01,1.1802E-02,0,4.2683E-01,4.7426E-03,0,4.8780E-01,1.6260E-03
2012-09-27 01:12:03.183,0,1.8293E-01,7.2590E-01,0,3.0488E-02,9.3809E-02,0,1.2195E-01,2.6283E-02,0,3.3537E-01,2.1636E-02,0,3.3537E-01,3.7263E-03,0,5.4878E-01,1.8293E-03
2012-09-27 01:12:35.953,0,1.8293E-01,7.2590E-01,0,6.0976E-02,1.8762E-01,0,2.1342E-01,4.5994E-02,0,1.8293E-01,1.1802E-02,0,4.2683E-01,4.7426E-03,0,4.5732E-01,1.5244E-03
2012-09-27 01:13:08.720,0,2.4390E-01,9.6787E-01,0,6.0976E-02,1.8762E-01,0,9.1463E-02,1.9712E-02,0,2.7439E-01,1.7703E-02,0,4.2683E-01,4.7426E-03,0,7.9268E-01,2.6423E-03
2012-09-27 01:13:41.487,0,1.8293E-01,7.2590E-01,0,0.0,0.0,0,6.0976E-02,1.3141E-02,0,1.2195E-01,7.8678E-03,0,6.4024E-01,7.1138E-03,0,5.4878E-01,1.8293E-03
2012-09-27 01:14:14.253,0,1.2195E-01,4.8393E-01,0,0.0,0.0,0,9.1463E-02,1.9712E-02,0,6.0976E-02,3.9339E-03,0,2.4390E-01,2.7100E-03,0,7.6220E-01,2.5407E-03
2012-09-27 01:14:47.023,0,6.0976E-02,2.4197E-01,0,3.0488E-02,9.3809E-02,0,2.1342E-01,4.5994E-02,0,1.5244E-01,9.8348E-03,0,2.4390E-01,2.7100E-03,0,6.0976E-01,2.0325E-03
2012-09-27 01:15:19.790,0,2.4390E-01,9.6787E-01,0,0.0,0.0,0,9.1463E-02,1.9712E-02,0,2.4390E-01,1.5736E-02,0,4.2683E-01,4.7426E-03,0,7.3171E-01,2.4390E-03
2012-09-27 01:15:52.557,0,2.7439E-01,1.0888E+00,0,3.0488E-02,9.3809E-02,0,9.1463E-02,1.9712E-02,0,1.5244E-01,9.8348E-03,0,4.8780E-01,5.4200E-03,0,5.1829E-01,1.7276E-03
2012-09-27 01:16:25.327,0,6.0976E-02,2.4197E-01,0,0.0,0.0,0,1.2195E-01,2.6283E-02,0,1.2195E-01,7.8678E-03,0,4.8780E-01,5.4200E-03,0,8.5366E-01,2.8455E-03
2012-09-27 01:16:58.093,0,1.8293E-01,7.2590E-01,0,3.0488E-02,9.3809E-02,0,9.1463E-02,1.9712E-02,0,1.2195E-01,7.8678E-03,0,4.8780E-01,5.4200E-03,0,5.1829E-01,1.7276E-03
2012-09-27 01:17:30.860,0,1.2195E-01,4.8393E-01,0,0.0,0.0,0,1.2195E-01,2.6283E-02,0,1.8293E-01,1.1802E-02,0,2.7439E-01,3.0488E-03,0,4.8780E-01,1.6260E-03
2012-09-27 01:18:03.627,0,2.4390E-01,9.6787E-01,0,0.0,0.0,0,2.4390E-01,5.2565E-02,0,6.0976E-02,3.9339E-03,0,4.2683E-01,4.7426E-03,0,5.4878E-01,1.8293E-03
2012-09-27 01:18:36.397,0,6.0976E-02,2.4197E-01,0,6.0976E-02,1.8762E-01,0,1.2195E-01,2.6283E-02,0,1.8293E-01,1.1802E-02,0,5.7927E-01,6.4363E-03,0,5.4878E-01,1.8293E-03
2012-09-27 01:19:09.163,0,1.5244E-01,6.0492E-01,0,3.0488E-02,9.3809E-02,0,0.0,0.0,0,1.8293E-01,1.1802E-02,0,3.9634E-01,4.4038E-03,0,4.8780E-01,1.6260E-03
2012-09-27 01:19:41.930,0,1.2195E-01,4.8393E-01,0,0.0,0.0,0,3.0488E-02,6.5707E-03,0,9.1463E-02,5.9009E-03,0,4.2683E-01,4.7426E-03,0,5.4878E-01,1.8293E-03
2012-09-27 01:20:14.697,0,1.2195E-01,4.8393E-01,0,6.0976E-02,1.8762E-01,0,6.0976E-02,1.3141E-02,0,2.1342E-01,1.3769E-02,0,2.1342E-01,2.3713E-03,0,5.1829E-01,1.7276E-03
2012-09-27 01:20:47.467,0,2.4390E-01,9.6787E-01,0,0.0,0.0,0,3.0488E-02,6.5707E-03,0,2.1342E-01,1.3769E-02,0,4.8780E-01,5.4200E-03,0,7.3171E-01,2.4390E-03
2012-09-27 01:21:20.233,0,1.2195E-01,4.8393E-01,0,0.0,0.0,0,1.8293E-01,3.9424E-02,0,2.7439E-01,1.7703E-02,0,2.4390E-01,2.7100E-03,0,7.3171E-01,2.4390E-03
2012-09-27 01:21:53.000,0,2.1342E-01,8.4688E-01,0,3.0488E-02,9.3809E-02,0,0.0,0.0,0,1.2195E-01,7.8678E-03,0,6.0976E-01,6.7751E-03,0,7.6220E-01,2.5407E-03
2012-09-27 01:22:25.770,0,1.2195E-01,4.8393E-01,0,0.0,0.0,0,9.1463E-02,1.9712E-02,0,1.5244E-01,9.8348E-03,0,5.4878E-01,6.0976E-03,0,7.6220E-01,2.5407E-03
2012-09-27 01:22:58.537,0,2.4390E-01,9.6787E-01,0,6.0976E-02,1.8762E-01,0,9.1463E-02,1.9712E-02,0,1.8293E-01,1.1802E-02,0,6.7073E-01,7.4526E-03,0,6.7073E-01,2.2358E-03
2012-09-27 01:23:31.303,0,1.8293E-01,7.2590E-01,0,6.0976E-02,1.8762E-01,0,1.2195E-01,2.6283E-02,0,3.0488E-02,1.9670E-03,0,6.0976E-01,6.7751E-03,0,4.8780E-01,1.6260E-03
2012-09-27 01:24:04.073,0,1.8293E-01,7.2590E-01,0,0.0,0.0,0,9.1463E-02,1.9712E-02,0,1.5244E-01,9.8348E-03,0,3.9634E-01,4.4038E-03,0,7.6220E-01,2.5407E-03
2012-09-27 01:24:36.840,0,3.0488E-01,1.2098E+00,0,0.0,0.0,0,9.1463E-02,1.9712E-02,0,1.2195E-01,7.8678E-03,0,5.4878E-01,6.0976E-03,0,3.0488E-01,1.0163E-03
2012-09-27 01:25:09.607,0,1.5244E-01,6.0492E-01,0,3.0488E-02,9.3809E-02,0,1.2195E-01,2.6283E-02,0,3.0488E-01,1.9670E-02,0,2.4390E-01,2.7100E-03,0,7.0122E-01,2.3374E-03
2012-09-27 01:25:42.377,0,1.2195E-01,4.8393E-01,0,6.0976E-02,1.8762E-01,0,6.0976E-02,1.3141E-02,0,1.8293E-01,1.1802E-02,0,4.8780E-01,5.4200E-03,0,1.8293E-01,6.0976E-04
2012-09-27 01:26:15.143,0,1.5244E-01,6.0492E-01,0,0.0,0.0,0,9.1463E-02,1.9712E-02,0,6.0976E-02,3.9339E-03,0,3.3537E-01,3.7263E-03,0,4.2683E-01,1.4228E-03
2012-09-27 01:26:47.910,0,2.1342E-01,8.4688E-01,0,6.0976E-02,1.8762E-01,0,1.5244E-01,3.2853E-02,0,9.1463E-02,5.9009E-03,0,4.2683E-01,4.7426E-03,0,6.4024E-01,2.1342E-03
2012-09-27 01:27:20.677,0,1.8293E-01,7.2590E-01,0,3.0488E-02,9.3809E-02,0,6.0976E-02,1.3141E-02,0,3.3537E-01,2.1636E-02,0,2.4390E-01,2.7100E-03,0,4.8780E-01,1.6260E-03
2012-09-27 01:27:53.447,0,2.1342E-01,8.4688E-01,0,3.0488E-02,9.3809E-02,0,9.1463E-02,1.9712E-02,0,3.0488E-01,1.9670E-02,0,4.8780E-01,5.4200E-03,0,3.3537E-01,1.1179E-03
2012-09-27 01:28:26.213,0,2.1342E-01,8.4688E-01,0,0.0,0.0,0,6.0976E-02,1.3141E-02,0,1.2195E-01,7.8678E-03,0,2.4390E-01,2.7100E-03,0,7.0122E-01,2.3374E-03
2012-09-27 01:28:58.980,0,1.8293E-01,7.2590E-01,0,0.0,0.0,0,1.5244E-01,3.2853E-02,0,9.1463E-02,5.9009E-03,0,2.7439E-01,3.0488E-03,0,6.0976E-01,2.0325E-03
2012-09-27 01:29:31.747,0,1.8293E-01,7.2590E-01,0,0.0,0.0,0,1.5244E-01,3.2853E-02,0,2.1342E-01,1.3769E-02,0,6.0976E-01,6.7751E-03,0,6.7073E-01,2.2358E-03
2012-09-27 01:30:04.517,0,2.4390E-01,9.6787E-01,0,9.1463E-02,2.8143E-01,0,2.4390E-01,5.2565E-02,0,1.5244E-01,9.8348E-03,0,2.4390E-01,2.7100E-03,0,7.0122E-01,2.3374E-03
2012-09-27 01:30:37.283,0,2.1342E-01,8.4688E-01,0,0.0,0.0,0,9.1463E-02,1.9712E-02,0,6.0976E-02,3.9339E-03,0,7.3171E-01,8.1301E-03,0,7.3171E-01,2.4390E-03
2012-09-27 01:31:10.050,0,6.0976E-02,2.4197E-01,0,3.0488E-02,9.3809E-02,0,1.2195E-01,2.6283E-02,0,1.2195E-01,7.8678E-03,0,4.8780E-01,5.4200E-03,0,4.2683E-01,1.4228E-03
2012-09-27 01:31:42.820,0,9.1463E-02,3.6295E-01,0,0.0,0.0,0,9.1463E-02,1.9712E-02,0,1.2195E-01,7.8678E-03,0,4.2683E-01,4.7426E-03,0,5.1829E-01,1.7276E-03
2012-09-27 01:32:15.587,0,1.8293E-01,7.2590E-01,0,0.0,0.0,0,1.5244E-01,3.2853E-02,0,1.2195E-01,7.8678E-03,0,4.5732E-01,5.0813E-03,0,5.4878E-01,1.8293E-03
2012-09-27 01:32:48.353,0,1.8293E-01,7.2590E-01,0,0.0,0.0,0,9.1463E-02,1.9712E-02,0,1.8293E-01,1.1802E-02,0,2.7439E-01,3.0488E-03,0,3.9634E-01,1.3211E-03
2012-09-27 01:33:21.120,0,1.5244E-01,6.0492E-01,0,0.0,0.0,0,6.0976E-02,1.3141E-02,0,4.2683E-01,2.7537E-02,0,3.6585E-01,4.0650E-03,0,6.4024E-01,2.1342E-03
2012-09-27 01:33:53.890,0,2.4390E-01,9.6787E-01,0,0.0,0.0,0,9.1463E-02,1.9712E-02,0,2.4390E-01,1.5736E-02,0,4.5732E-01,5.0813E-03,0,4.2683E-01,1.4228E-03
2012-09-27 01:34:26.657,0,2.4390E-01,9.6787E-01,0,3.0488E-02,9.3809E-02,0,3.0488E-02,6.5707E-03,0,2.4390E-01,1.5736E-02,0,3.3537E-01,3.7263E-03,0,4.2683E-01,1.4228E-03
2012-09-27 01:34:59.423,0,1.5244E-01,6.0492E-01,0,9.1463E-02,2.8143E-01,0,9.1463E-02,1.9712E-02,0,1.8293E-01,1.1802E-02,0,3.6585E-01,4.0650E-03,0,7.9268E-01,2.6423E-03
2012-09-27 01:35:32.193,0,1.5244E-01,6.0492E-01,0,3.0488E-02,9.3809E-02,0,6.0976E-02,1.3141E-02,0,2.4390E-01,1.5736E-02,0,4.8780E-01,5.4200E-03,0,6.7073E-01,2.2358E-03
2012-09-27 01:36:04.960,0,3.0488E-01,1.2098E+00,0,3.0488E-02,9.3809E-02,0,6.0976E-02,1.3141E-02,0,2.1342E-01,1.3769E-02,0,5.4878E-01,6.0976E-03,0,5.4878E-01,1.8293E-03
2012-09-27 01:36:37.727,0,2.1342E-01,8.4688E-01,0,6.0976E-02,1.8762E-01,0,1.2195E-01,2.6283E-02,0,9.1463E-02,5.9009E-03,0,5.1829E-01,5.7588E-03,0,6.7073E-01,2.2358E-03
2012-09-27 01:37:10.497,0,9.1463E-02,3.6295E-01,0,3.0488E-02,9.3809E-02,0,6.0976E-02,1.3141E-02,0,1.5244E-01,9.8348E-03,0,3.0488E-01,3.3875E-03,0,7.0122E-01,2.3374E-03
2012-09-27 01:37:43.263,0,3.6585E-01,1.4518E+00,0,6.0976E-02,1.8762E-01,0,6.0976E-02,1.3141E-02,0,1.8293E-01,1.1802E-02,0,4.8780E-01,5.4200E-03,0,5.1829E-01,1.7276E-03
2012-09-27 01:38:16.030,0,1.5244E-01,6.0492E-01,0,0.0,0.0,0,6.0976E-02,1.3141E-02,0,1.2195E-01,7.8678E-03,0,2.4390E-01,2.7100E-03,0,5.1829E-01,1.7276E-03
2012-09-27 01:38:48.797,0,1.5244E-01,6.0492E-01,0,3.0488E-02,9.3809E-02,0,6.0976E-02,1.3141E-02,0,1.5244E-01,9.8348E-03,0,3.3537E-01,3.7263E-03,0,4.5732E-01,1.5244E-03
2012-09-27 01:39:21.567,0,2.1342E-01,8.4688E-01,0,0.0,0.0,0,1.2195E-01,2.6283E-02,0,3.0488E-01,1.9670E-02,0,6.0976E-01,6.7751E-03,0,6.7073E-01,2.2358E-03
2012-09-27 01:39:54.333,0,2.7439E-01,1.0888E+00,0,6.0976E-02,1.8762E-01,0,3.0488E-02,6.5707E-03,0,2.1342E-01,1.3769E-02,0,4.5732E-01,5.0813E-03,0,6.0976E-01,2.0325E-03
2012-09-27 01:40:27.100,0,1.2195E-01,4.8393E-01,0,6.0976E-02,1.8762E-01,0,6.0976E-02,1.3141E-02,0,1.2195E-01,7.8678E-03,0,4.8780E-01,5.4200E-03,0,7.6220E-01,2.5407E-03
2012-09-27 01:40:59.867,0,3.0488E-01,1.2098E+00,0,0.0,0.0,0,6.0976E-02,1.3141E-02,0,1.8293E-01,1.1802E-02,0,2.1342E-01,2.3713E-03,0,6.4024E-01,2.1342E-03
2012-09-27 01:41:32.637,0,2.7439E-01,1.0888E+00,0,0.0,0.0,0,2.1342E-01,4.5994E-02,0,1.5244E-01,9.8348E-03,0,3.3537E-01,3.7263E-03,0,5.1829E-01,1.7276E-03
2012-09-27 01:42:05.403,0,1.8293E-01,7.2590E-01,0,0.0,0.0,0,1.5244E-01,3.2853E-02,0,2.1342E-01,1.3769E-02,0,2.7439E-01,3.0488E-03,0,5.7927E-01,1.9309E-03
2012-09-27 01:42:38.170,0,2.1342E-01,8.4688E-01,0,3.0488E-02,9.3809E-02,0,9.1463E-02,1.9712E-02,0,9.1463E-02,5.9009E-03,0,2.4390E-01,2.7100E-03,0,7.3171E-01,2.4390E-03
2012-09-27 01:43:10.940,0,1.2195E-01,4.8393E-01,0,3.0488E-02,9.3809E-02,0,6.0976E-02,1.3141E-02,0,2.1342E-01,1.3769E-02,0,4.8780E-01,5.4200E-03,0,6.4024E-01,2.1342E-03
2012-09-27 01:43:43.707,0,1.2195E-01,4.8393E-01,0,0.0,0.0,0,1.5244E-01,3.2853E-02,0,2.4390E-01,1.5736E-02,0,3.3537E-01,3.7263E-03,0,4.8780E-01,1.6260E-03
2012-09-27 01:44:16.473,0,3.0488E-01,1.2098E+00,0,0.0,0.0,0,1.2195E-01,2.6283E-02,0,2.7439E-01,1.7703E-02,0,2.1342E-01,2.3713E-03,0,6.0976E-01,2.0325E-03
2012-09-27 01:44:49.240,0,3.0488E-02,1.2098E-01,0,3.0488E-02,9.3809E-02,0,3.0488E-02,6.5707E-03,0,9.1463E-02,5.9009E-03,0,9.1463E-02,1.0163E-03,0,5.7927E-01,1.9309E-03
2012-09-27 01:45:22.010,0,1.2195E-01,4.8393E-01,0,0.0,0.0,0,3.0488E-02,6.5707E-03,0,3.0488E-02,1.9670E-03,0,2.7439E-01,3.0488E-03,0,6.0976E-01,2.0325E-03
2012-09-27 01:45:54.777,0,1.8293E-01,7.2590E-01,0,3.0488E-02,9.3809E-02,0,1.8293E-01,3.9424E-02,0,1.8293E-01,1.1802E-02,0,3.6585E-01,4.0650E-03,0,6.7073E-01,2.2358E-03
2012-09-27 01:46:27.543,0,9.1463E-02,3.6295E-01,0,0.0,0.0,0,9.1463E-02,1.9712E-02,0,1.8293E-01,1.1802E-02,0,4.2683E-01,4.7426E-03,0,5.4878E-01,1.8293E-03
2012-09-27 01:47:00.313,0,2.7439E-01,1.0888E+00,0,0.0,0.0,0,9.1463E-02,1.9712E-02,0,1.2195E-01,7.8678E-03,0,4.2683E-01,4.7426E-03,0,5.4878E-01,1.8293E-03
2012-09-27 01:47:33.080,0,2.1342E-01,8.4688E-01,0,0.0,0.0,0,9.1463E-02,1.9712E-02,0,1.2195E-01,7.8678E-03,0,3.3537E-01,3.7263E-03,0,5.4878E-01,1.8293E-03
2012-09-27 01:48:05.847,0,3.0488E-02,1.2098E-01,0,0.0,0.0,0,1.2195E-01,2.6283E-02,0,1.5244E-01,9.8348E-03,0,5.1829E-01,5.7588E-03,0,4.5732E-01,1.5244E-03
2012-09-27 01:48:38.617,0,2.4390E-01,9.6787E-01,0,0.0,0.0,0,3.0488E-02,6.5707E-03,0,1.8293E-01,1.1802E-02,0,3.6585E-01,4.0650E-03,0,4.2683E-01,1.4228E-03
2012-09-27 01:49:11.383,0,1.8293E-01,7.2590E-01,0,0.0,0.0,0,6.0976E-02,1.3141E-02,0,1.5244E-01,9.8348E-03,0,4.5732E-01,5.0813E-03,0,6.0976E-01,2.0325E-03
2012-09-27 01:49:44.150,0,2.7439E-01,1.0888E+00,0,3.0488E-02,9.3809E-02,0,1.5244E-01,3.2853E-02,0,1.5244E-01,9.8348E-03,0,3.3537E-01,3.7263E-03,0,5.4878E-01,1.8293E-03
2012-09-27 01:50:16.917,0,2.1342E-01,8.4688E-01,0,3.0488E-02,9.3809E-02,0,1.2195E-01,2.6283E-02,0,1.2195E-01,7.8678E-03,0,4.2683E-01,4.7426E-03,0,5.1829E-01,1.7276E-03
2012-09-27 01:50:49.687,0,1.2195E-01,4.8393E-01,0,0.0,0.0,0,6.0976E-02,1.3141E-02,0,2.1342E-01,1.3769E-02,0,5.1829E-01,5.7588E-03,0,7.6220E-01,2.5407E-03
2012-09-27 01:51:22.453,0,1.8293E-01,7.2590E-01,0,6.0976E-02,1.8762E-01,0,6.0976E-02,1.3141E-02,0,3.3537E-01,2.1636E-02,0,3.9634E-01,4.4038E-03,0,3.9634E-01,1.3211E-03
2012-09-27 01:51:55.220,0,1.5244E-01,6.0492E-01,0,3.0488E-02,9.3809E-02,0,1.5244E-01,3.2853E-02,0,1.2195E-01,7.8678E-03,0,3.3537E-01,3.7263E-03,0,4.8780E-01,1.6260E-03
2012-09-27 01:52:27.987,0,3.0488E-01,1.2098E+00,0,6.0976E-02,1.8762E-01,0,3.0488E-02,6.5707E-03,0,6.0976E-02,3.9339E-03,0,3.0488E-01,3.3875E-03,0,6.0976E-01,2.0325E-03
2012-09-27 01:53:00.757,0,9.1463E-02,3.6295E-01,0,0.0,0.0,0,3.0488E-02,6.5707E-03,0,1.5244E-01,9.8348E-03,0,2.1342E-01,2.3713E-03,0,6.0976E-01,2.0325E-03
2012-09-27 01:53:33.523,0,1.2195E-01,4.8393E-01,0,0.0,0.0,0,1.5244E-01,3.2853E-02,0,1.8293E-01,1.1802E-02,0,1.2195E-01,1.3550E-03,0,4.2683E-01,1.4228E-03
2012-09-27 01:54:06.290,0,1.5244E-01,6.0492E-01,0,3.0488E-02,9.3809E-02,0,6.0976E-02,1.3141E-02,0,1.8293E-01,1.1802E-02,0,4.2683E-01,4.7426E-03,0,3.6585E-01,1.2195E-03
2012-09-27 01:54:39.060,0,0.0,0.0,0,6.0976E-02,1.8762E-01,0,1.8293E-01,3.9424E-02,0,2.4390E-01,1.5736E-02,0,3.0488E-01,3.3875E-03,0,6.0976E-01,2.0325E-03
2012-09-27 01:55:11.827,0,1.8293E-01,7.2590E-01,0,0.0,0.0,0,9.1463E-02,1.9712E-02,0,1.8293E-01,1.1802E-02,0,3.0488E-01,3.3875E-03,0,6.4024E-01,2.1342E-03
2012-09-27 01:55:44.593,0,9.1463E-02,3.6295E-01,0,0.0,0.0,0,1.5244E-01,3.2853E-02,0,2.7439E-01,1.7703E-02,0,3.9634E-01,4.4038E-03,0,6.0976E-01,2.0325E-03
2012-09-27 01:56:17.360,0,9.1463E-02,3.6295E-01,0,3.0488E-02,9.3809E-02,0,6.0976E-02,1.3141E-02,0,1.2195E-01,7.8678E-03,0,4.2683E-01,4.7426E-03,0,6.7073E-01,2.2358E-03
2012-09-27 01:56:50.130,0,1.5244E-01,6.0492E-01,0,0.0,0.0,0,6.0976E-02,1.3141E-02,0,1.5244E-01,9.8348E-03,0,5.1829E-01,5.7588E-03,0,5.7927E-01,1.9309E-03
2012-09-27 01:57:22.897,0,2.1342E-01,8.4688E-01,0,3.0488E-02,9.3809E-02,0,3.0488E-02,6.5707E-03,0,1.5244E-01,9.8348E-03,0,4.2683E-01,4.7426E-03,0,3.3537E-01,1.1179E-03
2012-09-27 01:57:55.663,0,1.2195E-01,4.8393E-01,0,0.0,0.0,0,3.0488E-02,6.5707E-03,0,9.1463E-02,5.9009E-03,0,2.7439E-01,3.0488E-03,0,4.5732E-01,1.5244E-03
2012-09-27 01:58:28.433,0,9.1463E-02,3.6295E-01,0,0.0,0.0,0,9.1463E-02,1.9712E-02,0,1.5244E-01,9.8348E-03,0,5.4878E-01,6.0976E-03,0,8.2317E-01,2.7439E-03
2012-09-27 01:59:01.200,0,2.1342E-01,8.4688E-01,0,0.0,0.0,0,1.2195E-01,2.6283E-02,0,3.0488E-01,1.9670E-02,0,2.7439E-01,3.0488E-03,0,5.4878E-01,1.8293E-03
2012-09-27 01:59:33.967,0,2.4390E-01,9.6787E-01,0,0.0,0.0,0,1.5244E-01,3.2853E-02,0,1.8293E-01,1.1802E-02,0,3.3537E-01,3.7263E-03,0,6.7073E-01,2.2358E-03
2012-09-27 02:00:06.737,0,9.1463E-02,3.6295E-01,0,3.0488E-02,9.3809E-02,0,2.1342E-01,4.5994E-02,0,3.0488E-01,1.9670E-02,0,3.6585E-01,4.0650E-03,0,4.5732E-01,1.5244E-03
2012-09-27 02:00:39.503,0,1.5244E-01,6.0492E-01,0,0.0,0.0,0,2.4390E-01,5.2565E-02,0,1.2195E-01,7.8678E-03,0,2.7439E-01,3.0488E-03,0,4.2683E-01,1.4228E-03
2012-09-27 02:01:12.270,0,2.4390E-01,9.6787E-01,0,0.0,0.0,0,1.2195E-01,2.6283E-02,0,1.8293E-01,1.1802E-02,0,4.8780E-01,5.4200E-03,0,5.7927E-01,1.9309E-03
2012-09-27 02:01:45.037,0,2.1342E-01,8.4688E-01,0,0.0,0.0,0,9.1463E-02,1.9712E-02,0,1.8293E-01,1.1802E-02,0,5.1829E-01,5.7588E-03,0,5.1829E-01,1.7276E-03
2012-09-27 02:02:17.807,0,6.0976E-02,2.4197E-01,0,9.1463E-02,2.8143E-01,0,2.1342E-01,4.5994E-02,0,2.1342E-01,1.3769E-02,0,3.0488E-01,3.3875E-03,0,6.0976E-01,2.0325E-03
2012-09-27 02:02:50.573,0,2.1342E-01,8.4688E-01,0,0.0,0.0,0,9.1463E-02,1.9712E-02,0,9.1463E-02,5.9009E-03,0,3.6585E-01,4.0650E-03,0,5.4878E-01,1.8293E-03
2012-09-27 02:03:23.340,0,6.0976E-02,2.4197E-01,0,0.0,0.0,0,2.1342E-01,4.5994E-02,0,1.2195E-01,7.8678E-03,0,3.9634E-01,4.4038E-03,0,6.4024E-01,2.1342E-03
2012-09-27 02:03:56.107,0,1.8293E-01,7.2590E-01,0,1.2195E-01,3.7524E-01,0,0.0,0.0,0,1.5244E-01,9.8348E-03,0,4.8780E-01,5.4200E-03,0,4.2683E-01,1.4228E-03
2012-09-27 02:04:28.877,0,1.8293E-01,7.2590E-01,0,0.0,0.0,0,6.0976E-02,1.3141E-02,0,2.7439E-01,1.7703E-02,0,2.4390E-01,2.7100E-03,0,4.5732E-01,1.5244E-03
2012-09-27 02:05:01.643,0,9.1463E-02,3.6295E-01,0,0.0,0.0,0,9.1463E-02,1.9712E-02,0,1.8293E-01,1.1802E-02,0,3.3537E-01,3.7263E-03,0,7.0122E-01,2.3374E-03
2012-09-27 02:05:34.410,0,1.8293E-01,7.2590E-01,0,3.0488E-02,9.3809E-02,0,1.5244E-01,3.2853E-02,0,2.1342E-01,1.3769E-02,0,3.3537E-01,3.7263E-03,0,3.9634E-01,1.3211E-03
2012-09-27 02:06:07.177,0,1.8293E-01,7.2590E-01,0,0.0,0.0,0,6.0976E-02,1.3141E-02,0,3.0488E-01,1.9670E-02,0,5.4878E-01,6.0976E-03,0,5.4878E-01,1.8293E-03
2012-09-27 02:06:39.947,0,6.0976E-02,2.4197E-01,0,3.0488E-02,9.3809E-02,0,1.2195E-01,2.6283E-02,0,1.2195E-01,7.8678E-03,0,3.9634E-01,4.4038E-03,0,9.1463E-01,3.0488E-03
2012-09-27 02:07:12.713,0,9.1463E-02,3.6295E-01,0,0.0,0.0,0,1.2195E-01,2.6283E-02,0,1.2195E-01,7.8678E-03,0,3.3537E-01,3.7263E-03,0,4.2683E-01,1.4228E-03
2012-09-27 02:07:45.480,0,2.7439E-01,1.0888E+00,0,0.0,0.0,0,6.0976E-02,1.3141E-02,0,3.0488E-01,1.9670E-02,0,5.1829E-01,5.7588E-03,0,7.9268E-01,2.6423E-03
2012-09-27 02:08:18.250,0,0.0,0.0,0,3.0488E-02,9.3809E-02,0,9.1463E-02,1.9712E-02,0,9.1463E-02,5.9009E-03,0,3.6585E-01,4.0650E-03,0,6.4024E-01,2.1342E-03
2012-09-27 02:08:51.017,0,1.5244E-01,6.0492E-01,0,6.0976E-02,1.8762E-01,0,1.5244E-01,3.2853E-02,0,2.1342E-01,1.3769E-02,0,4.5732E-01,5.0813E-03,0,5.1829E-01,1.7276E-03
2012-09-27 02:09:23.783,0,9.1463E-02,3.6295E-01,0,6.0976E-02,1.8762E-01,0,9.1463E-02,1.9712E-02,0,3.0488E-01,1.9670E-02,0,3.3537E-01,3.7263E-03,0,6.4024E-01,2.1342E-03
2012-09-27 02:09:56.553,0,2.4390E-01,9.6787E-01,0,3.0488E-02,9.3809E-02,0,6.0976E-02,1.3141E-02,0,2.7439E-01,1.7703E-02,0,4.8780E-01,5.4200E-03,0,6.4024E-01,2.1342E-03
2012-09-27 02:10:29.320,0,2.1342E-01,8.4688E-01,0,3.0488E-02,9.3809E-02,0,1.2195E-01,2.6283E-02,0,1.8293E-01,1.1802E-02,0,3.9634E-01,4.4038E-03,0,6.0976E-01,2.0325E-03
2012-09-27 02:11:02.087,0,6.0976E-02,2.4197E-01,0,6.0976E-02,1.8762E-01,0,1.2195E-01,2.6283E-02,0,2.1342E-01,1.3769E-02,0,4.2683E-01,4.7426E-03,0,5.1829E-01,1.7276E-03
2012-09-27 02:11:34.853,0,9.1463E-02,3.6295E-01,0,3.0488E-02,9.3809E-02,0,1.5244E-01,3.2853E-02,0,3.0488E-01,1.9670E-02,0,5.1829E-01,5.7588E-03,0,7.0122E-01,2.3374E-03
2012-09-27 02:12:07.623,0,2.4390E-01,9.6787E-01,0,6.0976E-02,1.8762E-01,0,1.5244E-01,3.2853E-02,0,2.4390E-01,1.5736E-02,0,3.6585E-01,4.0650E-03,0,5.4878E-01,1.8293E-03
2012-09-27 02:12:40.390,0,1.2195E-01,4.8393E-01,0,0.0,0.0,0,1.5244E-01,3.2853E-02,0,1.2195E-01,7.8678E-03,0,3.3537E-01,3.7263E-03,0,7.0122E-01,2.3374E-03
2012-09-27 02:13:13.157,0,6.0976E-02,2.4197E-01,0,0.0,0.0,0,9.1463E-02,1.9712E-02,0,1.8293E-01,1.1802E-02,0,5.1829E-01,5.7588E-03,0,7.6220E-01,2.5407E-03
2012-09-27 02:13:45.927,0,4.5732E-01,1.8148E+00,0,3.0488E-02,9.3809E-02,0,6.0976E-02,1.3141E-02,0,1.2195E-01,7.8678E-03,0,1.8293E-01,2.0325E-03,0,7.3171E-01,2.4390E-03
2012-09-27 02:14:18.693,0,1.2195E-01,4.8393E-01,0,0.0,0.0,0,1.2195E-01,2.6283E-02,0,3.0488E-01,1.9670E-02,0,5.4878E-01,6.0976E-03,0,5.1829E-01,1.7276E-03
2012-09-27 02:14:51.460,0,6.0976E-02,2.4197E-01,0,0.0,0.0,0,1.8293E-01,3.9424E-02,0,3.0488E-01,1.9670E-02,0,3.0488E-01,3.3875E-03,0,7.0122E-01,2.3374E-03
2012-09-27 02:15:24.227,0,9.1463E-02,3.6295E-01,0,3.0488E-02,9.3809E-02,0,1.5244E-01,3.2853E-02,0,1.5244E-01,9.8348E-03,0,4.5732E-01,5.0813E-03,0,3.6585E-01,1.2195E-03
2012-09-27 02:15:56.997,0,1.5244E-01,6.0492E-01,0,0.0,0.0,0,1.8293E-01,3.9424E-02,0,9.1463E-02,5.9009E-03,0,4.2683E-01,4.7426E-03,0,3.3537E-01,1.1179E-03
2012-09-27 02:16:29.763,0,1.2195E-01,4.8393E-01,0,3.0488E-02,9.3809E-02,0,1.2195E-01,2.6283E-02,0,1.8293E-01,1.1802E-02,0,3.0488E-01,3.3875E-03,0,6.7073E-01,2.2358E-03
2012-09-27 02:17:02.530,0,1.2195E-01,4.8393E-01,0,0.0,0.0,0,1.2195E-01,2.6283E-02,0,1.8293E-01,1.1802E-02,0,5.7927E-01,6.4363E-03,0,7.0122E-01,2.3374E-03
2012-09-27 02:17:35.297,0,1.2195E-01,4.8393E-01,0,3.0488E-02,9.3809E-02,0,6.0976E-02,1.3141E-02,0,1.8293E-01,1.1802E-02,0,3.6585E-01,4.0650E-03,0,5.1829E-01,1.7276E-03
2012-09-27 02:18:08.067,0,6.0976E-02,2.4197E-01,0,0.0,0.0,0,1.2195E-01,2.6283E-02,0,1.5244E-01,9.8348E-03,0,3.6585E-01,4.0650E-03,0,6.7073E-01,2.2358E-03
2012-09-27 02:18:40.833,0,1.8293E-01,7.2590E-01,0,0.0,0.0,0,1.2195E-01,2.6283E-02,0,2.1342E-01,1.3769E-02,0,2.4390E-01,2.7100E-03,0,6.0976E-01,2.0325E-03
2012-09-27 02:19:13.600,0,2.7439E-01,1.0888E+00,0,3.0488E-02,9.3809E-02,0,3.0488E-02,6.5707E-03,0,6.0976E-02,3.9339E-03,0,3.3537E-01,3.7263E-03,0,7.3171E-01,2.4390E-03
2012-09-27 02:19:46.370,0,6.0976E-02,2.4197E-01,0,0.0,0.0,0,9.1463E-02,1.9712E-02,0,1.2195E-01,7.8678E-03,0,4.2683E-01,4.7426E-03,0,7.0122E-01,2.3374E-03
2012-09-27 02:20:51.903,0,2.4390E-01,9.6787E-01,0,0.0,0.0,0,1.2195E-01,2.6283E-02,0,2.1342E-01,1.3769E-02,0,3.3537E-01,3.7263E-03,0,8.2317E-01,2.7439E-03
2012-09-27 02:21:24.670,0,1.5244E-01,6.0492E-01,0,3.0488E-02,9.3809E-02,0,6.0976E-02,1.3141E-02,0,9.1463E-02,5.9009E-03,0,3.0488E-01,3.3875E-03,0,6.4024E-01,2.1342E-03
2012-09-27 02:21:57.440,0,1.8293E-01,7.2590E-01,0,3.0488E-02,9.3809E-02,0,9.1463E-02,1.9712E-02,0,1.8293E-01,1.1802E-02,0,2.4390E-01,2.7100E-03,0,7.3171E-01,2.4390E-03
2012-09-27 02:22:30.207,0,6.0976E-02,2.4197E-01,0,3.0488E-02,9.3809E-02,0,6.0976E-02,1.3141E-02,0,1.8293E-01,1.1802E-02,0,2.1342E-01,2.3713E-03,0,5.1829E-01,1.7276E-03
2012-09-27 02:23:02.973,0,1.8293E-01,7.2590E-01,0,6.0976E-02,1.8762E-01,0,9.1463E-02,1.9712E-02,0,1.8293E-01,1.1802E-02,0,4.2683E-01,4.7426E-03,0,7.3171E-01,2.4390E-03
2012-09-27 02:23:35.743,0,1.8293E-01,7.2590E-01,0,0.0,0.0,0,9.1463E-02,1.9712E-02,0,3.0488E-01,1.9670E-02,0,3.3537E-01,3.7263E-03,0,5.4878E-01,1.8293E-03
2012-09-27 02:24:08.510,0,9.1463E-02,3.6295E-01,0,0.0,0.0,0,9.1463E-02,1.9712E-02,0,1.2195E-01,7.8678E-03,0,3.3537E-01,3.7263E-03,0,4.2683E-01,1.4228E-03
2012-09-27 02:24:41.277,0,1.2195E-01,4.8393E-01,0,3.0488E-02,9.3809E-02,0,1.2195E-01,2.6283E-02,0,1.2195E-01,7.8678E-03,0,2.4390E-01,2.7100E-03,0,5.4878E-01,1.8293E-03
2012-09-27 02:25:14.047,0,1.2195E-01,4.8393E-01,0,0.0,0.0,0,9.1463E-02,1.9712E-02,0,1.8293E-01,1.1802E-02,0,3.6585E-01,4.0650E-03,0,5.1829E-01,1.7276E-03
2012-09-27 02:25:46.813,0,2.1342E-01,8.4688E-01,0,0.0,0.0,0,1.8293E-01,3.9424E-02,0,2.7439E-01,1.7703E-02,0,3.6585E-01,4.0650E-03,0,6.4024E-01,2.1342E-03
2012-09-27 02:26:19.580,0,3.0488E-02,1.2098E-01,0,3.0488E-02,9.3809E-02,0,3.0488E-02,6.5707E-03,0,2.1342E-01,1.3769E-02,0,4.2683E-01,4.7426E-03,0,6.0976E-01,2.0325E-03
2012-09-27 02:26:52.347,0,9.1463E-02,3.6295E-01,0,0.0,0.0,0,9.1463E-02,1.9712E-02,0,2.7439E-01,1.7703E-02,0,3.9634E-01,4.4038E-03,0,3.3537E-01,1.1179E-03
2012-09-27 02:27:25.117,0,1.2195E-01,4.8393E-01,0,3.0488E-02,9.3809E-02,0,3.0488E-02,6.5707E-03,0,1.8293E-01,1.1802E-02,0,4.2683E-01,4.7426E-03,0,6.4024E-01,2.1342E-03
2012-09-27 02:27:57.883,0,6.0976E-02,2.4197E-01,0,6.0976E-02,1.8762E-01,0,9.1463E-02,1.9712E-02,0,2.7439E-01,1.7703E-02,0,3.3537E-01,3.7263E-03,0,5.7927E-01,1.9309E-03
2012-09-27 02:28:30.650,0,9.1463E-02,3.6295E-01,0,0.0,0.0,0,6.0976E-02,1.3141E-02,0,1.8293E-01,1.1802E-02,0,3.3537E-01,3.7263E-03,0,3.9634E-01,1.3211E-03
2012-09-27 02:29:03.417,0,1.5244E-01,6.0492E-01,0,3.0488E-02,9.3809E-02,0,1.5244E-01,3.2853E-02,0,3.9634E-01,2.5570E-02,0,4.8780E-01,5.4200E-03,0,8.5366E-01,2.8455E-03
2012-09-27 02:29:36.187,0,9.1463E-02,3.6295E-01,0,0.0,0.0,0,1.8293E-01,3.9424E-02,0,1.5244E-01,9.8348E-03,0,4.8780E-01,5.4200E-03,0,6.7073E-01,2.2358E-03
2012-09-27 02:30:08.953,0,2.1342E-01,8.4688E-01,0,3.0488E-02,9.3809E-02,0,3.0488E-02,6.5707E-03,0,1.5244E-01,9.8348E-03,0,3.0488E-01,3.3875E-03,0,4.8780E-01,1.6260E-03
2012-09-27 02:30:41.720,0,1.8293E-01,7.2590E-01,0,3.0488E-02,9.3809E-02,0,1.5244E-01,3.2853E-02,0,1.5244E-01,9.8348E-03,0,4.5732E-01,5.0813E-03,0,7.0122E-01,2.3374E-03
2012-09-27 02:31:14.487,0,1.5244E-01,6.0492E-01,0,3.0488E-02,9.3809E-02,0,2.1342E-01,4.5994E-02,0,1.5244E-01,9.8348E-03,0,4.2683E-01,4.7426E-03,0,7.9268E-01,2.6423E-03
2012-09-27 02:31:47.257,0,6.0976E-02,2.4197E-01,0,3.0488E-02,9.3809E-02,0,1.5244E-01,3.2853E-02,0,2.4390E-01,1.5736E-02,0,2.7439E-01,3.0488E-03,0,7.6220E-01,2.5407E-03
2012-09-27 02:32:20.023,0,6.0976E-02,2.4197E-01,0,0.0,0.0,0,9.1463E-02,1.9712E-02,0,1.5244E-01,9.8348E-03,0,4.2683E-01,4.7426E-03,0,5.4878E-01,1.8293E-03
2012-09-27 02:32:52.790,0,1.5244E-01,6.0492E-01,0,1.5244E-01,4.6904E-01,0,1.2195E-01,2.6283E-02,0,1.8293E-01,1.1802E-02,0,3.3537E-01,3.7263E-03,0,4.5732E-01,1.5244E-03
2012-09-27 02:33:25.557,0,9.1463E-02,3.6295E-01,0,3.0488E-02,9.3809E-02,0,1.2195E-01,2.6283E-02,0,1.5244E-01,9.8348E-03,0,4.2683E-01,4.7426E-03,0,3.9634E-01,1.3211E-03
2012-09-27 02:33:58.327,0,9.1463E-02,3.6295E-01,0,3.0488E-02,9.3809E-02,0,3.0488E-02,6.5707E-03,0,2.1342E-01,1.3769E-02,0,2.7439E-01,3.0488E-03,0,5.4878E-01,1.8293E-03
2012-09-27 02:34:31.093,0,1.5244E-01,6.0492E-01,0,3.0488E-02,9.3809E-02,0,1.8293E-01,3.9424E-02,0,1.5244E-01,9.8348E-03,0,3.3537E-01,3.7263E-03,0,5.4878E-01,1.8293E-03
2012-09-27 02:35:03.860,0,9.1463E-02,3.6295E-01,0,0.0,0.0,0,6.0976E-02,1.3141E-02,0,9.1463E-02,5.9009E-03,0,1.5244E-01,1.6938E-03,0,6.0976E-01,2.0325E-03
2012-09-27 02:35:36.630,0,1.2195E-01,4.8393E-01,0,3.0488E-02,9.3809E-02,0,6.0976E-02,1.3141E-02,0,3.0488E-01,1.9670E-02,0,2.1342E-01,2.3713E-03,0,6.7073E-01,2.2358E-03
2012-09-27 02:36:09.397,0,1.2195E-01,4.8393E-01,0,0.0,0.0,0,9.1463E-02,1.9712E-02,0,1.8293E-01,1.1802E-02,0,3.6585E-01,4.0650E-03,0,7.6220E-01,2.5407E-03
2012-09-27 02:36:42.163,0,2.1342E-01,8.4688E-01,0,6.0976E-02,1.8762E-01,0,1.5244E-01,3.2853E-02,0,3.0488E-01,1.9670E-02,0,4.5732E-01,5.0813E-03,0,6.7073E-01,2.2358E-03
2012-09-27 02:37:14.933,0,6.0976E-02,2.4197E-01,0,6.0976E-02,1.8762E-01,0,3.0488E-02,6.5707E-03,0,1.8293E-01,1.1802E-02,0,4.8780E-01,5.4200E-03,0,5.1829E-01,1.7276E-03
2012-09-27 02:37:47.700,0,1.5244E-01,6.0492E-01,0,0.0,0.0,0,6.0976E-02,1.3141E-02,0,2.4390E-01,1.5736E-02,0,2.7439E-01,3.0488E-03,0,5.7927E-01,1.9309E-03
2012-09-27 02:38:20.467,0,2.1342E-01,8.4688E-01,0,0.0,0.0,0,6.0976E-02,1.3141E-02,0,2.4390E-01,1.5736E-02,0,3.3537E-01,3.7263E-03,0,7.0122E-01,2.3374E-03
2012-09-27 02:38:53.233,0,0.0,0.0,0,0.0,0.0,0,2.4390E-01,5.2565E-02,0,9.1463E-02,5.9009E-03,0,4.8780E-01,5.4200E-03,0,7.9268E-01,2.6423E-03
2012-09-27 02:39:26.003,0,3.0488E-01,1.2098E+00,0,3.0488E-02,9.3809E-02,0,1.8293E-01,3.9424E-02,0,1.5244E-01,9.8348E-03,0,4.2683E-01,4.7426E-03,0,7.6220E-01,2.5407E-03
2012-09-27 02:39:58.770,0,1.2195E-01,4.8393E-01,0,3.0488E-02,9.3809E-02,0,1.8293E-01,3.9424E-02,0,1.8293E-01,1.1802E-02,0,2.7439E-01,3.0488E-03,0,4.5732E-01,1.5244E-03
2012-09-27 02:40:31.537,0,1.8293E-01,7.2590E-01,0,0.0,0.0,0,1.2195E-01,2.6283E-02,0,6.0976E-02,3.9339E-03,0,3.6585E-01,4.0650E-03,0,6.7073E-01,2.2358E-03
2012-09-27 02:41:04.307,0,2.4390E-01,9.6787E-01,0,3.0488E-02,9.3809E-02,0,1.2195E-01,2.6283E-02,0,6.0976E-02,3.9339E-03,0,5.1829E-01,5.7588E-03,0,4.5732E-01,1.5244E-03
2012-09-27 02:41:37.073,0,6.0976E-02,2.4197E-01,0,0.0,0.0,0,0.0,0.0,0,2.1342E-01,1.3769E-02,0,4.5732E-01,5.0813E-03,0,7.6220E-01,2.5407E-03
2012-09-27 02:42:09.840,0,1.5244E-01,6.0492E-01,0,6.0976E-02,1.8762E-01,0,3.0488E-02,6.5707E-03,0,3.0488E-02,1.9670E-03,0,2.1342E-01,2.3713E-03,0,5.4878E-01,1.8293E-03
2012-09-27 02:42:42.607,0,1.2195E-01,4.8393E-01,0,3.0488E-02,9.3809E-02,0,6.0976E-02,1.3141E-02,0,1.8293E-01,1.1802E-02,0,3.9634E-01,4.4038E-03,0,3.9634E-01,1.3211E-03
2012-09-27 02:43:48.143,0,2.4390E-01,9.6787E-01,0,0.0,0.0,0,6.0976E-02,1.3141E-02,0,1.5244E-01,9.8348E-03,0,2.4390E-01,2.7100E-03,0,5.7927E-01,1.9309E-03
2012-09-27 02:44:20.910,0,2.1342E-01,8.4688E-01,0,0.0,0.0,0,1.2195E-01,2.6283E-02,0,2.4390E-01,1.5736E-02,0,3.0488E-01,3.3875E-03,0,6.0976E-01,2.0325E-03
2012-09-27 02:44:53.677,0,1.2195E-01,4.8393E-01,0,3.0488E-02,9.3809E-02,0,9.1463E-02,1.9712E-02,0,1.2195E-01,7.8678E-03,0,3.9634E-01,4.4038E-03,0,4.8780E-01,1.6260E-03
2012-09-27 02:45:26.447,0,2.4390E-01,9.6787E-01,0,3.0488E-02,9.3809E-02,0,9.1463E-02,1.9712E-02,0,1.8293E-01,1.1802E-02,0,3.3537E-01,3.7263E-03,0,7.6220E-01,2.5407E-03
2012-09-27 02:45:59.213,0,1.8293E-01,7.2590E-01,0,3.0488E-02,9.3809E-02,0,9.1463E-02,1.9712E-02,0,1.5244E-01,9.8348E-03,0,2.4390E-01,2.7100E-03,0,1.0518E+00,3.5061E-03
2012-09-27 02:46:31.980,0,9.1463E-02,3.6295E-01,0,0.0,0.0,0,9.1463E-02,1.9712E-02,0,1.2195E-01,7.8678E-03,0,1.8293E-01,2.0325E-03,0,4.8780E-01,1.6260E-03
2012-09-27 02:47:04.747,0,1.5244E-01,6.0492E-01,0,6.0976E-02,1.8762E-01,0,2.7439E-01,5.9136E-02,0,6.0976E-02,3.9339E-03,0,2.7439E-01,3.0488E-03,0,8.2317E-01,2.7439E-03
2012-09-27 02:47:37.517,0,9.1463E-02,3.6295E-01,0,3.0488E-02,9.3809E-02,0,3.0488E-02,6.5707E-03,0,1.5244E-01,9.8348E-03,0,3.9634E-01,4.4038E-03,0,6.7073E-01,2.2358E-03
2012-09-27 02:48:10.283,0,6.0976E-02,2.4197E-01,0,0.0,0.0,0,9.1463E-02,1.9712E-02,0,2.1342E-01,1.3769E-02,0,3.0488E-01,3.3875E-03,0,4.5732E-01,1.5244E-03
2012-09-27 02:48:43.050,0,1.5244E-01,6.0492E-01,0,0.0,0.0,0,1.2195E-01,2.6283E-02,0,6.0976E-02,3.9339E-03,0,3.6585E-01,4.0650E-03,0,7.6220E-01,2.5407E-03
2012-09-27 02:49:15.820,0,1.2195E-01,4.8393E-01,0,0.0,0.0,0,3.0488E-02,6.5707E-03,0,1.8293E-01,1.1802E-02,0,3.6585E-01,4.0650E-03,0,7.0122E-01,2.3374E-03
2012-09-27 02:49:48.587,0,1.5244E-01,6.0492E-01,0,0.0,0.0,0,1.2195E-01,2.6283E-02,0,1.8293E-01,1.1802E-02,0,3.0488E-01,3.3875E-03,0,5.4878E-01,1.8293E-03
2012-09-27 02:50:21.353,0,1.2195E-01,4.8393E-01,0,0.0,0.0,0,0.0,0.0,0,3.0488E-01,1.9670E-02,0,3.9634E-01,4.4038E-03,0,6.0976E-01,2.0325E-03
2012-09-27 02:50:54.120,0,0.0,0.0,0,0.0,0.0,0,3.0488E-02,6.5707E-03,0,2.7439E-01,1.7703E-02,0,3.3537E-01,3.7263E-03,0,5.1829E-01,1.7276E-03
2012-09-27 02:51:26.890,0,2.1342E-01,8.4688E-01,0,0.0,0.0,0,0.0,0.0,0,9.1463E-02,5.9009E-03,0,2.4390E-01,2.7100E-03,0,5.4878E-01,1.8293E-03
2012-09-27 02:51:59.657,0,1.8293E-01,7.2590E-01,0,6.0976E-02,1.8762E-01,0,9.1463E-02,1.9712E-02,0,2.4390E-01,1.5736E-02,0,4.8780E-01,5.4200E-03,0,8.5366E-01,2.8455E-03
2012-09-27 02:53:05.193,0,1.5244E-01,6.0492E-01,0,0.0,0.0,0,1.5244E-01,3.2853E-02,0,3.3537E-01,2.1636E-02,0,4.2683E-01,4.7426E-03,0,5.1829E-01,1.7276E-03
2012-09-27 02:53:37.960,0,1.5244E-01,6.0492E-01,0,0.0,0.0,0,6.0976E-02,1.3141E-02,0,2.7439E-01,1.7703E-02,0,3.6585E-01,4.0650E-03,0,6.0976E-01,2.0325E-03
2012-09-27 02:54:10.727,0,1.8293E-01,7.2590E-01,0,0.0,0.0,0,1.2195E-01,2.6283E-02,0,2.4390E-01,1.5736E-02,0,3.0488E-01,3.3875E-03,0,6.7073E-01,2.2358E-03
2012-09-27 02:54:43.497,0,3.0488E-02,1.2098E-01,0,3.0488E-02,9.3809E-02,0,1.2195E-01,2.6283E-02,0,1.8293E-01,1.1802E-02,0,2.7439E-01,3.0488E-03,0,5.1829E-01,1.7276E-03
2012-09-27 02:55:16.263,0,9.1463E-02,3.6295E-01,0,0.0,0.0,0,3.0488E-02,6.5707E-03,0,9.1463E-02,5.9009E-03,0,3.6585E-01,4.0650E-03,0,4.5732E-01,1.5244E-03
2012-09-27 02:55:49.030,0,6.0976E-02,2.4197E-01,0,0.0,0.0,0,9.1463E-02,1.9712E-02,0,1.5244E-01,9.8348E-03,0,3.0488E-01,3.3875E-03,0,7.3171E-01,2.4390E-03
2012-09-27 02:56:21.797,0,2.1342E-01,8.4688E-01,0,3.0488E-02,9.3809E-02,0,3.0488E-02,6.5707E-03,0,1.8293E-01,1.1802E-02,0,3.6585E-01,4.0650E-03,0,3.9634E-01,1.3211E-03
2012-09-27 02:56:54.567,0,9.1463E-02,3.6295E-01,0,0.0,0.0,0,6.0976E-02,1.3141E-02,0,6.0976E-02,3.9339E-03,0,3.0488E-01,3.3875E-03,0,6.0976E-01,2.0325E-03
2012-09-27 02:57:27.333,0,1.2195E-01,4.8393E-01,0,0.0,0.0,0,9.1463E-02,1.9712E-02,0,2.1342E-01,1.3769E-02,0,2.1342E-01,2.3713E-03,0,5.7927E-01,1.9309E-03
2012-09-27 02:58:00.100,0,9.1463E-02,3.6295E-01,0,3.0488E-02,9.3809E-02,0,6.0976E-02,1.3141E-02,0,2.4390E-01,1.5736E-02,0,4.5732E-01,5.0813E-03,0,3.6585E-01,1.2195E-03
2012-09-27 02:58:32.867,0,1.2195E-01,4.8393E-01,0,0.0,0.0,0,9.1463E-02,1.9712E-02,0,1.2195E-01,7.8678E-03,0,3.3537E-01,3.7263E-03,0,4.5732E-01,1.5244E-03
2012-09-27 02:59:05.637,0,9.1463E-02,3.6295E-01,0,6.0976E-02,1.8762E-01,0,3.0488E-02,6.5707E-03,0,2.7439E-01,1.7703E-02,0,1.5244E-01,1.6938E-03,0,8.2317E-01,2.7439E-03
2012-09-27 02:59:38.403,0,1.5244E-01,6.0492E-01,0,6.0976E-02,1.8762E-01,0,1.2195E-01,2.6283E-02,0,2.4390E-01,1.5736E-02,0,4.5732E-01,5.0813E-03,0,5.1829E-01,1.7276E-03
2012-09-27 03:00:11.170,0,3.0488E-02,1.2098E-01,0,3.0488E-02,9.3809E-02,0,3.0488E-02,6.5707E-03,0,1.2195E-01,7.8678E-03,0,3.3537E-01,3.7263E-03,0,3.9634E-01,1.3211E-03
2012-09-27 03:00:43.937,0,9.1463E-02,3.6295E-01,0,3.0488E-02,9.3809E-02,0,2.7439E-01,5.9136E-02,0,2.4390E-01,1.5736E-02,0,3.9634E-01,4.4038E-03,0,6.7073E-01,2.2358E-03
2012-09-27 03:01:16.707,0,6.0976E-02,2.4197E-01,0,6.0976E-02,1.8762E-01,0,6.0976E-02,1.3141E-02,0,1.8293E-01,1.1802E-02,0,1.5244E-01,1.6938E-03,0,8.2317E-01,2.7439E-03
2012-09-27 03:01:49.473,0,1.5244E-01,6.0492E-01,0,0.0,0.0,0,6.0976E-02,1.3141E-02,0,2.4390E-01,1.5736E-02,0,4.2683E-01,4.7426E-03,0,6.0976E-01,2.0325E-03
2012-09-27 03:02:22.240,0,6.0976E-02,2.4197E-01,0,3.0488E-02,9.3809E-02,0,1.2195E-01,2.6283E-02,0,2.1342E-01,1.3769E-02,0,3.9634E-01,4.4038E-03,0,8.8415E-01,2.9471E-03
2012-09-27 03:02:55.007,0,1.5244E-01,6.0492E-01,0,6.0976E-02,1.8762E-01,0,1.5244E-01,3.2853E-02,0,1.8293E-01,1.1802E-02,0,3.9634E-01,4.4038E-03,0,6.4024E-01,2.1342E-03
2012-09-27 03:03:27.777,0,1.8293E-01,7.2590E-01,0,3.0488E-02,9.3809E-02,0,3.0488E-02,6.5707E-03,0,1.5244E-01,9.8348E-03,0,4.5732E-01,5.0813E-03,0,7.3171E-01,2.4390E-03
2012-09-27 03:04:00.543,0,1.8293E-01,7.2590E-01,0,0.0,0.0,0,2.1342E-01,4.5994E-02,0,1.5244E-01,9.8348E-03,0,2.7439E-01,3.0488E-03,0,9.4512E-01,3.1504E-03
2012-09-27 03:04:33.310,0,1.5244E-01,6.0492E-01,0,0.0,0.0,0,9.1463E-02,1.9712E-02,0,1.8293E-01,1.1802E-02,0,2.1342E-01,2.3713E-03,0,7.9268E-01,2.6423E-03
2012-09-27 03:05:06.080,0,1.5244E-01,6.0492E-01,0,6.0976E-02,1.8762E-01,0,1.2195E-01,2.6283E-02,0,1.8293E-01,1.1802E-02,0,4.5732E-01,5.0813E-03,0,6.7073E-01,2.2358E-03
2012-09-27 03:05:38.847,0,6.0976E-02,2.4197E-01,0,0.0,0.0,0,6.0976E-02,1.3141E-02,0,9.1463E-02,5.9009E-03,0,3.6585E-01,4.0650E-03,0,6.0976E-01,2.0325E-03
2012-09-27 03:06:11.613,0,1.8293E-01,7.2590E-01,0,3.0488E-02,9.3809E-02,0,1.2195E-01,2.6283E-02,0,1.8293E-01,1.1802E-02,0,2.7439E-01,3.0488E-03,0,7.6220E-01,2.5407E-03
2012-09-27 03:06:44.380,0,3.0488E-01,1.2098E+00,0,3.0488E-02,9.3809E-02,0,3.0488E-02,6.5707E-03,0,2.7439E-01,1.7703E-02,0,3.0488E-01,3.3875E-03,0,7.6220E-01,2.5407E-03
2012-09-27 03:07:17.150,0,9.1463E-02,3.6295E-01,0,3.0488E-02,9.3809E-02,0,6.0976E-02,1.3141E-02,0,3.0488E-01,1.9670E-02,0,2.7439E-01,3.0488E-03,0,5.7927E-01,1.9309E-03
2012-09-27 03:07:49.917,0,1.2195E-01,4.8393E-01,0,3.0488E-02,9.3809E-02,0,3.0488E-02,6.5707E-03,0,1.5244E-01,9.8348E-03,0,2.4390E-01,2.7100E-03,0,6.7073E-01,2.2358E-03
2012-09-27 03:08:22.683,0,0.0,0.0,0,9.1463E-02,2.8143E-01,0,6.0976E-02,1.3141E-02,0,3.3537E-01,2.1636E-02,0,4.5732E-01,5.0813E-03,0,5.1829E-01,1.7276E-03
2012-09-27 03:08:55.453,0,1.2195E-01,4.8393E-01,0,3.0488E-02,9.3809E-02,0,1.2195E-01,2.6283E-02,0,1.5244E-01,9.8348E-03,0,4.8780E-01,5.4200E-03,0,6.7073E-01,2.2358E-03
2012-09-27 03:09:28.220,0,9.1463E-02,3.6295E-01,0,0.0,0.0,0,9.1463E-02,1.9712E-02,0,2.4390E-01,1.5736E-02,0,3.0488E-01,3.3875E-03,0,5.7927E-01,1.9309E-03
2012-09-27 03:10:00.987,0,1.5244E-01,6.0492E-01,0,3.0488E-02,9.3809E-02,0,1.5244E-01,3.2853E-02,0,2.1342E-01,1.3769E-02,0,3.6585E-01,4.0650E-03,0,7.6220E-01,2.5407E-03
2012-09-27 03:10:33.757,0,1.2195E-01,4.8393E-01,0,0.0,0.0,0,6.0976E-02,1.3141E-02,0,9.1463E-02,5.9009E-03,0,3.0488E-01,3.3875E-03,0,7.6220E-01,2.5407E-03
2012-09-27 03:11:06.523,0,3.0488E-01,1.2098E+00,0,0.0,0.0,0,9.1463E-02,1.9712E-02,0,1.8293E-01,1.1802E-02,0,5.1829E-01,5.7588E-03,0,3.6585E-01,1.2195E-03
2012-09-27 03:11:39.290,0,1.2195E-01,4.8393E-01,0,0.0,0.0,0,9.1463E-02,1.9712E-02,0,1.5244E-01,9.8348E-03,0,4.2683E-01,4.7426E-03,0,6.4024E-01,2.1342E-03
2012-09-27 03:12:12.057,0,9.1463E-02,3.6295E-01,0,0.0,0.0,0,0.0,0.0,0,1.8293E-01,1.1802E-02,0,2.4390E-01,2.7100E-03,0,3.3537E-01,1.1179E-03
2012-09-27 03:12:44.827,0,9.1463E-02,3.6295E-01,0,0.0,0.0,0,1.5244E-01,3.2853E-02,0,1.2195E-01,7.8678E-03,0,6.0976E-01,6.7751E-03,0,5.4878E-01,1.8293E-03
2012-09-27 03:13:17.593,0,1.5244E-01,6.0492E-01,0,0.0,0.0,0,6.0976E-02,1.3141E-02,0,2.1342E-01,1.3769E-02,0,3.3537E-01,3.7263E-03,0,4.8780E-01,1.6260E-03
2012-09-27 03:13:50.360,0,1.8293E-01,7.2590E-01,0,0.0,0.0,0,9.1463E-02,1.9712E-02,0,1.2195E-01,7.8678E-03,0,3.9634E-01,4.4038E-03,0,5.7927E-01,1.9309E-03
2012-09-27 03:14:23.127,0,1.2195E-01,4.8393E-01,0,0.0,0.0,0,1.2195E-01,2.6283E-02,0,2.1342E-01,1.3769E-02,0,4.2683E-01,4.7426E-03,0,5.7927E-01,1.9309E-03
2012-09-27 03:14:55.897,0,1.2195E-01,4.8393E-01,0,0.0,0.0,0,6.0976E-02,1.3141E-02,0,2.7439E-01,1.7703E-02,0,3.9634E-01,4.4038E-03,0,5.1829E-01,1.7276E-03
2012-09-27 03:15:28.663,0,9.1463E-02,3.6295E-01,0,0.0,0.0,0,0.0,0.0,0,2.4390E-01,1.5736E-02,0,2.1342E-01,2.3713E-03,0,4.5732E-01,1.5244E-03
2012-09-27 03:16:01.430,0,1.5244E-01,6.0492E-01,0,3.0488E-02,9.3809E-02,0,0.0,0.0,0,9.1463E-02,5.9009E-03,0,3.6585E-01,4.0650E-03,0,6.0976E-01,2.0325E-03
2012-09-27 03:16:34.197,0,3.0488E-01,1.2098E+00,0,0.0,0.0,0,9.1463E-02,1.9712E-02,0,9.1463E-02,5.9009E-03,0,3.9634E-01,4.4038E-03,0,5.1829E-01,1.7276E-03
2012-09-27 03:17:06.967,0,9.1463E-02,3.6295E-01,0,3.0488E-02,9.3809E-02,0,3.0488E-02,6.5707E-03,0,2.1342E-01,1.3769E-02,0,3.3537E-01,3.7263E-03,0,3.6585E-01,1.2195E-03
2012-09-27 03:17:39.733,0,2.7439E-01,1.0888E+00,0,3.0488E-02,9.3809E-02,0,3.0488E-02,6.5707E-03,0,3.0488E-01,1.9670E-02,0,1.8293E-01,2.0325E-03,0,5.1829E-01,1.7276E-03
2012-09-27 03:18:12.500,0,3.9634E-01,1.5728E+00,0,3.0488E-02,9.3809E-02,0,6.0976E-02,1.3141E-02,0,1.8293E-01,1.1802E-02,0,4.5732E-01,5.0813E-03,0,5.1829E-01,1.7276E-03
2012-09-27 03:18:45.267,0,1.2195E-01,4.8393E-01,0,3.0488E-02,9.3809E-02,0,1.2195E-01,2.6283E-02,0,1.8293E-01,1.1802E-02,0,5.1829E-01,5.7588E-03,0,4.8780E-01,1.6260E-03
2012-09-27 03:19:18.037,0,1.2195E-01,4.8393E-01,0,0.0,0.0,0,1.2195E-01,2.6283E-02,0,1.5244E-01,9.8348E-03,0,2.7439E-01,3.0488E-03,0,5.1829E-01,1.7276E-03
2012-09-27 03:19:50.803,0,1.2195E-01,4.8393E-01,0,0.0,0.0,0,3.0488E-02,6.5707E-03,0,2.7439E-01,1.7703E-02,0,2.4390E-01,2.7100E-03,0,6.0976E-01,2.0325E-03
2012-09-27 03:20:23.570,0,3.0488E-02,1.2098E-01,0,3.0488E-02,9.3809E-02,0,9.1463E-02,1.9712E-02,0,2.7439E-01,1.7703E-02,0,3.6585E-01,4.0650E-03,0,5.7927E-01,1.9309E-03
2012-09-27 03:20:56.340,0,1.2195E-01,4.8393E-01,0,0.0,0.0,0,9.1463E-02,1.9712E-02,0,9.1463E-02,5.9009E-03,0,3.9634E-01,4.4038E-03,0,4.8780E-01,1.6260E-03
2012-09-27 03:21:29.107,0,1.5244E-01,6.0492E-01,0,0.0,0.0,0,6.0976E-02,1.3141E-02,0,3.6585E-01,2.3604E-02,0,3.9634E-01,4.4038E-03,0,5.7927E-01,1.9309E-03
2012-09-27 03:22:01.873,0,9.1463E-02,3.6295E-01,0,3.0488E-02,9.3809E-02,0,6.0976E-02,1.3141E-02,0,1.8293E-01,1.1802E-02,0,1.8293E-01,2.0325E-03,0,7.0122E-01,2.3374E-03
2012-09-27 03:22:34.640,0,1.8293E-01,7.2590E-01,0,3.0488E-02,9.3809E-02,0,1.2195E-01,2.6283E-02,0,1.2195E-01,7.8678E-03,0,3.9634E-01,4.4038E-03,0,6.7073E-01,2.2358E-03
2012-09-27 03:23:07.410,0,3.0488E-02,1.2098E-01,0,0.0,0.0,0,1.8293E-01,3.9424E-02,0,1.5244E-01,9.8348E-03,0,3.3537E-01,3.7263E-03,0,6.7073E-01,2.2358E-03
2012-09-27 03:23:40.177,0,1.2195E-01,4.8393E-01,0,0.0,0.0,0,6.0976E-02,1.3141E-02,0,2.4390E-01,1.5736E-02,0,3.6585E-01,4.0650E-03,0,4.5732E-01,1.5244E-03
2012-09-27 03:24:12.943,0,6.0976E-02,2.4197E-01,0,3.0488E-02,9.3809E-02,0,6.0976E-02,1.3141E-02,0,1.8293E-01,1.1802E-02,0,3.9634E-01,4.4038E-03,0,7.0122E-01,2.3374E-03
2012-09-27 03:24:45.713,0,1.2195E-01,4.8393E-01,0,9.1463E-02,2.8143E-01,0,0.0,0.0,0,2.7439E-01,1.7703E-02,0,3.3537E-01,3.7263E-03,0,4.8780E-01,1.6260E-03
2012-09-27 03:25:18.480,0,1.8293E-01,7.2590E-01,0,0.0,0.0,0,3.0488E-02,6.5707E-03,0,1.8293E-01,1.1802E-02,0,2.4390E-01,2.7100E-03,0,4.5732E-01,1.5244E-03
2012-09-27 03:25:51.247,0,1.2195E-01,4.8393E-01,0,0.0,0.0,0,2.4390E-01,5.2565E-02,0,2.1342E-01,1.3769E-02,0,2.7439E-01,3.0488E-03,0,8.8415E-01,2.9471E-03
2012-09-27 03:26:24.013,0,1.2195E-01,4.8393E-01,0,3.0488E-02,9.3809E-02,0,6.0976E-02,1.3141E-02,0,2.7439E-01,1.7703E-02,0,2.7439E-01,3.0488E-03,0,4.5732E-01,1.5244E-03
2012-09-27 03:26:56.783,0,1.8293E-01,7.2590E-01,0,3.0488E-02,9.3809E-02,0,1.2195E-01,2.6283E-02,0,1.8293E-01,1.1802E-02,0,2.7439E-01,3.0488E-03,0,5.7927E-01,1.9309E-03
2012-09-27 03:28:02.317,0,1.2195E-01,4.8393E-01,0,3.0488E-02,9.3809E-02,0,9.1463E-02,1.9712E-02,0,3.0488E-01,1.9670E-02,0,4.2683E-01,4.7426E-03,0,5.4878E-01,1.8293E-03
2012-09-27 03:28:35.087,0,3.0488E-02,1.2098E-01,0,0.0,0.0,0,9.1463E-02,1.9712E-02,0,6.0976E-02,3.9339E-03,0,3.9634E-01,4.4038E-03,0,3.9634E-01,1.3211E-03
2012-09-27 03:29:07.853,0,1.2195E-01,4.8393E-01,0,0.0,0.0,0,1.5244E-01,3.2853E-02,0,1.5244E-01,9.8348E-03,0,4.2683E-01,4.7426E-03,0,5.4878E-01,1.8293E-03
2012-09-27 03:29:40.620,0,9.1463E-02,3.6295E-01,0,0.0,0.0,0,3.0488E-02,6.5707E-03,0,1.8293E-01,1.1802E-02,0,4.8780E-01,5.4200E-03,0,5.1829E-01,1.7276E-03
2012-09-27 03:30:13.387,0,1.2195E-01,4.8393E-01,0,0.0,0.0,0,3.0488E-02,6.5707E-03,0,1.5244E-01,9.8348E-03,0,3.0488E-01,3.3875E-03,0,3.6585E-01,1.2195E-03
2012-09-27 03:30:46.157,0,6.0976E-02,2.4197E-01,0,0.0,0.0,0,2.4390E-01,5.2565E-02,0,1.5244E-01,9.8348E-03,0,2.1342E-01,2.3713E-03,0,5.7927E-01,1.9309E-03
2012-09-27 03:31:18.923,0,1.5244E-01,6.0492E-01,0,0.0,0.0,0,9.1463E-02,1.9712E-02,0,2.4390E-01,1.5736E-02,0,3.3537E-01,3.7263E-03,0,7.0122E-01,2.3374E-03
2012-09-27 03:31:51.690,0,9.1463E-02,3.6295E-01,0,3.0488E-02,9.3809E-02,0,1.8293E-01,3.9424E-02,0,2.1342E-01,1.3769E-02,0,5.1829E-01,5.7588E-03,0,6.4024E-01,2.1342E-03
2012-09-27 03:32:24.457,0,1.5244E-01,6.0492E-01,0,3.0488E-02,9.3809E-02,0,6.0976E-02,1.3141E-02,0,2.4390E-01,1.5736E-02,0,3.9634E-01,4.4038E-03,0,8.8415E-01,2.9471E-03
2012-09-27 03:32:57.227,0,1.5244E-01,6.0492E-01,0,0.0,0.0,0,6.0976E-02,1.3141E-02,0,2.4390E-01,1.5736E-02,0,5.7927E-01,6.4363E-03,0,4.2683E-01,1.4228E-03
2012-09-27 03:33:29.993,0,1.8293E-01,7.2590E-01,0,0.0,0.0,0,9.1463E-02,1.9712E-02,0,3.0488E-01,1.9670E-02,0,2.7439E-01,3.0488E-03,0,6.4024E-01,2.1342E-03
2012-09-27 03:34:02.760,0,6.0976E-02,2.4197E-01,0,0.0,0.0,0,2.1342E-01,4.5994E-02,0,2.4390E-01,1.5736E-02,0,3.3537E-01,3.7263E-03,0,3.3537E-01,1.1179E-03
2012-09-27 03:34:35.527,0,1.2195E-01,4.8393E-01,0,6.0976E-02,1.8762E-01,0,9.1463E-02,1.9712E-02,0,1.8293E-01,1.1802E-02,0,3.3537E-01,3.7263E-03,0,7.6220E-01,2.5407E-03
2012-09-27 03:35:08.297,0,9.1463E-02,3.6295E-01,0,0.0,0.0,0,9.1463E-02,1.9712E-02,0,2.1342E-01,1.3769E-02,0,5.1829E-01,5.7588E-03,0,6.7073E-01,2.2358E-03
2012-09-27 03:35:41.063,0,9.1463E-02,3.6295E-01,0,0.0,0.0,0,1.2195E-01,2.6283E-02,0,2.1342E-01,1.3769E-02,0,4.5732E-01,5.0813E-03,0,4.5732E-01,1.5244E-03
2012-09-27 03:36:46.597,0,1.2195E-01,4.8393E-01,0,0.0,0.0,0,9.1463E-02,1.9712E-02,0,1.5244E-01,9.8348E-03,0,3.3537E-01,3.7263E-03,0,5.7927E-01,1.9309E-03
2012-09-27 03:37:19.367,0,1.2195E-01,4.8393E-01,0,3.0488E-02,9.3809E-02,0,1.2195E-01,2.6283E-02,0,2.4390E-01,1.5736E-02,0,4.2683E-01,4.7426E-03,0,6.4024E-01,2.1342E-03
2012-09-27 03:37:52.133,0,9.1463E-02,3.6295E-01,0,3.0488E-02,9.3809E-02,0,6.0976E-02,1.3141E-02,0,1.8293E-01,1.1802E-02,0,4.8780E-01,5.4200E-03,0,5.7927E-01,1.9309E-03
2012-09-27 03:38:24.900,0,1.8293E-01,7.2590E-01,0,3.0488E-02,9.3809E-02,0,6.0976E-02,1.3141E-02,0,3.3537E-01,2.1636E-02,0,2.1342E-01,2.3713E-03,0,5.7927E-01,1.9309E-03
2012-09-27 03:38:57.670,0,1.8293E-01,7.2590E-01,0,0.0,0.0,0,1.2195E-01,2.6283E-02,0,1.2195E-01,7.8678E-03,0,3.9634E-01,4.4038E-03,0,6.4024E-01,2.1342E-03
2012-09-27 03:39:30.437,0,9.1463E-02,3.6295E-01,0,0.0,0.0,0,1.5244E-01,3.2853E-02,0,3.0488E-01,1.9670E-02,0,2.1342E-01,2.3713E-03,0,4.5732E-01,1.5244E-03
2012-09-27 03:40:03.203,0,9.1463E-02,3.6295E-01,0,3.0488E-02,9.3809E-02,0,9.1463E-02,1.9712E-02,0,1.8293E-01,1.1802E-02,0,3.9634E-01,4.4038E-03,0,6.7073E-01,2.2358E-03
2012-09-27 03:40:35.970,0,1.5244E-01,6.0492E-01,0,0.0,0.0,0,3.0488E-01,6.5707E-02,0,1.2195E-01,7.8678E-03,0,2.7439E-01,3.0488E-03,0,6.4024E-01,2.1342E-03
2012-09-27 03:41:08.740,0,1.5244E-01,6.0492E-01,0,0.0,0.0,0,2.7439E-01,5.9136E-02,0,3.0488E-01,1.9670E-02,0,3.9634E-01,4.4038E-03,0,6.0976E-01,2.0325E-03
2012-09-27 03:41:41.507,0,9.1463E-02,3.6295E-01,0,0.0,0.0,0,9.1463E-02,1.9712E-02,0,1.8293E-01,1.1802E-02,0,3.6585E-01,4.0650E-03,0,7.6220E-01,2.5407E-03
2012-09-27 03:42:14.273,0,1.5244E-01,6.0492E-01,0,3.0488E-02,9.3809E-02,0,1.2195E-01,2.6283E-02,0,9.1463E-02,5.9009E-03,0,4.8780E-01,5.4200E-03,0,5.7927E-01,1.9309E-03
2012-09-27 03:42:47.043,0,9.1463E-02,3.6295E-01,0,0.0,0.0,0,6.0976E-02,1.3141E-02,0,3.0488E-01,1.9670E-02,0,2.4390E-01,2.7100E-03,0,6.4024E-01,2.1342E-03
2012-09-27 03:43:19.810,0,1.8293E-01,7.2590E-01,0,0.0,0.0,0,9.1463E-02,1.9712E-02,0,2.7439E-01,1.7703E-02,0,3.3537E-01,3.7263E-03,0,5.4878E-01,1.8293E-03
2012-09-27 03:43:52.577,0,1.5244E-01,6.0492E-01,0,0.0,0.0,0,3.0488E-02,6.5707E-03,0,1.2195E-01,7.8678E-03,0,4.2683E-01,4.7426E-03,0,7.3171E-01,2.4390E-03
2012-09-27 03:44:58.113,0,9.1463E-02,3.6295E-01,0,3.0488E-02,9.3809E-02,0,6.0976E-02,1.3141E-02,0,1.5244E-01,9.8348E-03,0,4.8780E-01,5.4200E-03,0,5.4878E-01,1.8293E-03
2012-09-27 03:45:30.880,0,1.5244E-01,6.0492E-01,0,0.0,0.0,0,1.8293E-01,3.9424E-02,0,3.0488E-02,1.9670E-03,0,6.4024E-01,7.1138E-03,0,4.2683E-01,1.4228E-03
2012-09-27 03:46:03.647,0,9.1463E-02,3.6295E-01,0,0.0,0.0,0,2.1342E-01,4.5994E-02,0,1.5244E-01,9.8348E-03,0,3.0488E-01,3.3875E-03,0,7.6220E-01,2.5407E-03
2012-09-27 03:46:36.417,0,1.5244E-01,6.0492E-01,0,3.0488E-02,9.3809E-02,0,6.0976E-02,1.3141E-02,0,1.5244E-01,9.8348E-03,0,3.9634E-01,4.4038E-03,0,7.0122E-01,2.3374E-03
2012-09-27 03:47:09.183,0,1.2195E-01,4.8393E-01,0,3.0488E-02,9.3809E-02,0,3.0488E-02,6.5707E-03,0,1.2195E-01,7.8678E-03,0,4.2683E-01,4.7426E-03,0,7.6220E-01,2.5407E-03
2012-09-27 03:47:41.950,0,6.0976E-02,2.4197E-01,0,0.0,0.0,0,6.0976E-02,1.3141E-02,0,3.0488E-01,1.9670E-02,0,5.4878E-01,6.0976E-03,0,7.6220E-01,2.5407E-03
2012-09-27 03:48:14.717,0,2.7439E-01,1.0888E+00,0,0.0,0.0,0,9.1463E-02,1.9712E-02,0,1.8293E-01,1.1802E-02,0,3.0488E-01,3.3875E-03,0,7.3171E-01,2.4390E-03
2012-09-27 03:48:47.487,0,1.5244E-01,6.0492E-01,0,0.0,0.0,0,1.2195E-01,2.6283E-02,0,1.8293E-01,1.1802E-02,0,3.6585E-01,4.0650E-03,0,6.4024E-01,2.1342E-03
2012-09-27 03:49:20.253,0,9.1463E-02,3.6295E-01,0,0.0,0.0,0,3.0488E-02,6.5707E-03,0,1.8293E-01,1.1802E-02,0,3.0488E-01,3.3875E-03,0,4.8780E-01,1.6260E-03
2012-09-27 03:49:53.020,0,1.8293E-01,7.2590E-01,0,0.0,0.0,0,1.5244E-01,3.2853E-02,0,1.8293E-01,1.1802E-02,0,3.3537E-01,3.7263E-03,0,4.8780E-01,1.6260E-03
2012-09-27 03:50:25.787,0,2.1342E-01,8.4688E-01,0,3.0488E-02,9.3809E-02,0,1.2195E-01,2.6283E-02,0,2.7439E-01,1.7703E-02,0,2.4390E-01,2.7100E-03,0,5.7927E-01,1.9309E-03
2012-09-27 03:50:58.557,0,2.4390E-01,9.6787E-01,0,0.0,0.0,0,1.2195E-01,2.6283E-02,0,6.0976E-02,3.9339E-03,0,3.3537E-01,3.7263E-03,0,5.1829E-01,1.7276E-03
2012-09-27 03:51:31.323,0,1.2195E-01,4.8393E-01,0,0.0,0.0,0,9.1463E-02,1.9712E-02,0,6.0976E-02,3.9339E-03,0,2.4390E-01,2.7100E-03,0,9.1463E-01,3.0488E-03
2012-09-27 03:52:04.090,0,1.5244E-01,6.0492E-01,0,3.0488E-02,9.3809E-02,0,1.5244E-01,3.2853E-02,0,1.5244E-01,9.8348E-03,0,3.0488E-01,3.3875E-03,0,6.7073E-01,2.2358E-03
2012-09-27 03:52:36.857,0,1.2195E-01,4.8393E-01,0,3.0488E-02,9.3809E-02,0,3.0488E-02,6.5707E-03,0,2.4390E-01,1.5736E-02,0,2.4390E-01,2.7100E-03,0,3.9634E-01,1.3211E-03
2012-09-27 03:53:09.627,0,9.1463E-02,3.6295E-01,0,0.0,0.0,0,1.5244E-01,3.2853E-02,0,2.4390E-01,1.5736E-02,0,5.4878E-01,6.0976E-03,0,6.0976E-01,2.0325E-03
2012-09-27 03:53:42.393,0,6.0976E-02,2.4197E-01,0,6.0976E-02,1.8762E-01,0,2.1342E-01,4.5994E-02,0,9.1463E-02,5.9009E-03,0,3.6585E-01,4.0650E-03,0,4.8780E-01,1.6260E-03
2012-09-27 03:54:15.160,0,6.0976E-02,2.4197E-01,0,3.0488E-02,9.3809E-02,0,1.5244E-01,3.2853E-02,0,1.5244E-01,9.8348E-03,0,4.2683E-01,4.7426E-03,0,7.9268E-01,2.6423E-03
2012-09-27 03:54:47.927,0,9.1463E-02,3.6295E-01,0,6.0976E-02,1.8762E-01,0,9.1463E-02,1.9712E-02,0,2.7439E-01,1.7703E-02,0,3.9634E-01,4.4038E-03,0,6.0976E-01,2.0325E-03
2012-09-27 03:55:20.697,0,9.1463E-02,3.6295E-01,0,3.0488E-02,9.3809E-02,0,9.1463E-02,1.9712E-02,0,1.5244E-01,9.8348E-03,0,3.0488E-01,3.3875E-03,0,7.3171E-01,2.4390E-03
2012-09-27 03:55:53.463,0,9.1463E-02,3.6295E-01,0,3.0488E-02,9.3809E-02,0,1.2195E-01,2.6283E-02,0,9.1463E-02,5.9009E-03,0,4.2683E-01,4.7426E-03,0,5.4878E-01,1.8293E-03
2012-09-27 03:56:26.230,0,9.1463E-02,3.6295E-01,0,3.0488E-02,9.3809E-02,0,6.0976E-02,1.3141E-02,0,2.7439E-01,1.7703E-02,0,3.3537E-01,3.7263E-03,0,6.7073E-01,2.2358E-03
2012-09-27 03:56:58.997,0,1.2195E-01,4.8393E-01,0,3.0488E-02,9.3809E-02,0,6.0976E-02,1.3141E-02,0,1.8293E-01,1.1802E-02,0,3.6585E-01,4.0650E-03,0,7.6220E-01,2.5407E-03
2012-09-27 03:57:31.767,0,0.0,0.0,0,3.0488E-02,9.3809E-02,0,1.2195E-01,2.6283E-02,0,2.1342E-01,1.3769E-02,0,5.4878E-01,6.0976E-03,0,4.8780E-01,1.6260E-03
2012-09-27 03:58:04.533,0,1.5244E-01,6.0492E-01,0,6.0976E-02,1.8762E-01,0,1.5244E-01,3.2853E-02,0,9.1463E-02,5.9009E-03,0,4.2683E-01,4.7426E-03,0,5.7927E-01,1.9309E-03
2012-09-27 03:58:37.300,0,3.0488E-02,1.2098E-01,0,3.0488E-02,9.3809E-02,0,6.0976E-02,1.3141E-02,0,2.4390E-01,1.5736E-02,0,3.6585E-01,4.0650E-03,0,6.0976E-01,2.0325E-03
2012-09-27 03:59:10.070,0,6.0976E-02,2.4197E-01,0,3.0488E-02,9.3809E-02,0,9.1463E-02,1.9712E-02,0,2.4390E-01,1.5736E-02,0,4.2683E-01,4.7426E-03,0,8.5366E-01,2.8455E-03
2012-09-27 03:59:42.837,0,1.2195E-01,4.8393E-01,0,3.0488E-02,9.3809E-02,0,1.5244E-01,3.2853E-02,0,1.8293E-01,1.1802E-02,0,4.2683E-01,4.7426E-03,0,5.7927E-01,1.9309E-03
2012-09-27 04:00:15.603,0,6.0976E-02,2.4197E-01,0,0.0,0.0,0,9.1463E-02,1.9712E-02,0,1.2195E-01,7.8678E-03,0,2.1342E-01,2.3713E-03,0,6.0976E-01,2.0325E-03
2012-09-27 04:00:48.370,0,1.2195E-01,4.8393E-01,0,0.0,0.0,0,1.2195E-01,2.6283E-02,0,1.8293E-01,1.1802E-02,0,3.3537E-01,3.7263E-03,0,7.9268E-01,2.6423E-03
2012-09-27 04:01:21.140,0,3.0488E-02,1.2098E-01,0,3.0488E-02,9.3809E-02,0,6.0976E-02,1.3141E-02,0,1.5244E-01,9.8348E-03,0,4.2683E-01,4.7426E-03,0,5.1829E-01,1.7276E-03
2012-09-27 04:01:53.907,0,1.8293E-01,7.2590E-01,0,0.0,0.0,0,6.0976E-02,1.3141E-02,0,1.5244E-01,9.8348E-03,0,3.9634E-01,4.4038E-03,0,4.8780E-01,1.6260E-03
2012-09-27 04:02:26.673,0,1.5244E-01,6.0492E-01,0,6.0976E-02,1.8762E-01,0,1.5244E-01,3.2853E-02,0,3.0488E-02,1.9670E-03,0,5.4878E-01,6.0976E-03,0,6.0976E-01,2.0325E-03
2012-09-27 04:02:59.443,0,2.1342E-01,8.4688E-01,0,3.0488E-02,9.3809E-02,0,1.5244E-01,3.2853E-02,0,2.7439E-01,1.7703E-02,0,4.2683E-01,4.7426E-03,0,3.9634E-01,1.3211E-03
2012-09-27 04:03:32.210,0,2.1342E-01,8.4688E-01,0,0.0,0.0,0,1.2195E-01,2.6283E-02,0,1.5244E-01,9.8348E-03,0,3.3537E-01,3.7263E-03,0,4.5732E-01,1.5244E-03
2012-09-27 04:04:04.977,0,9.1463E-02,3.6295E-01,0,3.0488E-02,9.3809E-02,0,1.2195E-01,2.6283E-02,0,9.1463E-02,5.9009E-03,0,2.4390E-01,2.7100E-03,0,4.2683E-01,1.4228E-03
2012-09-27 04:04:37.743,0,2.4390E-01,9.6787E-01,0,3.0488E-02,9.3809E-02,0,9.1463E-02,1.9712E-02,0,2.4390E-01,1.5736E-02,0,3.3537E-01,3.7263E-03,0,4.2683E-01,1.4228E-03
2012-09-27 04:05:10.513,0,1.5244E-01,6.0492E-01,0,0.0,0.0,0,1.5244E-01,3.2853E-02,0,1.5244E-01,9.8348E-03,0,2.7439E-01,3.0488E-03,0,5.4878E-01,1.8293E-03
2012-09-27 04:05:43.280,0,2.1342E-01,8.4688E-01,0,6.0976E-02,1.8762E-01,0,6.0976E-02,1.3141E-02,0,1.8293E-01,1.1802E-02,0,2.4390E-01,2.7100E-03,0,8.5366E-01,2.8455E-03
2012-09-27 04:06:16.047,0,1.8293E-01,7.2590E-01,0,3.0488E-02,9.3809E-02,0,1.2195E-01,2.6283E-02,0,2.1342E-01,1.3769E-02,0,3.0488E-01,3.3875E-03,0,3.6585E-01,1.2195E-03
2012-09-27 04:06:48.817,0,1.5244E-01,6.0492E-01,0,0.0,0.0,0,2.1342E-01,4.5994E-02,0,2.1342E-01,1.3769E-02,0,3.6585E-01,4.0650E-03,0,7.0122E-01,2.3374E-03
2012-09-27 04:07:21.583,0,1.8293E-01,7.2590E-01,0,3.0488E-02,9.3809E-02,0,9.1463E-02,1.9712E-02,0,1.5244E-01,9.8348E-03,0,5.7927E-01,6.4363E-03,0,4.5732E-01,1.5244E-03
2012-09-27 04:07:54.350,0,1.2195E-01,4.8393E-01,0,3.0488E-02,9.3809E-02,0,1.2195E-01,2.6283E-02,0,1.5244E-01,9.8348E-03,0,4.2683E-01,4.7426E-03,0,3.6585E-01,1.2195E-03
2012-09-27 04:08:27.117,0,1.2195E-01,4.8393E-01,0,0.0,0.0,0,1.5244E-01,3.2853E-02,0,1.2195E-01,7.8678E-03,0,3.3537E-01,3.7263E-03,0,6.7073E-01,2.2358E-03
2012-09-27 04:08:59.887,0,1.2195E-01,4.8393E-01,0,3.0488E-02,9.3809E-02,0,9.1463E-02,1.9712E-02,0,9.1463E-02,5.9009E-03,0,3.6585E-01,4.0650E-03,0,4.8780E-01,1.6260E-03
2012-09-27 04:09:32.653,0,3.0488E-02,1.2098E-01,0,0.0,0.0,0,1.5244E-01,3.2853E-02,0,1.8293E-01,1.1802E-02,0,3.9634E-01,4.4038E-03,0,6.7073E-01,2.2358E-03
2012-09-27 04:10:05.420,0,2.4390E-01,9.6787E-01,0,0.0,0.0,0,9.1463E-02,1.9712E-02,0,2.4390E-01,1.5736E-02,0,4.8780E-01,5.4200E-03,0,3.6585E-01,1.2195E-03
2012-09-27 04:10:38.187,0,1.2195E-01,4.8393E-01,0,3.0488E-02,9.3809E-02,0,9.1463E-02,1.9712E-02,0,3.0488E-01,1.9670E-02,0,4.8780E-01,5.4200E-03,0,4.5732E-01,1.5244E-03
2012-09-27 04:11:10.957,0,1.8293E-01,7.2590E-01,0,3.0488E-02,9.3809E-02,0,1.5244E-01,3.2853E-02,0,2.1342E-01,1.3769E-02,0,5.1829E-01,5.7588E-03,0,9.1463E-01,3.0488E-03
2012-09-27 04:11:43.723,0,2.4390E-01,9.6787E-01,0,3.0488E-02,9.3809E-02,0,1.2195E-01,2.6283E-02,0,1.5244E-01,9.8348E-03,0,3.6585E-01,4.0650E-03,0,5.4878E-01,1.8293E-03
2012-09-27 04:12:16.490,0,6.0976E-02,2.4197E-01,0,0.0,0.0,0,6.0976E-02,1.3141E-02,0,1.2195E-01,7.8678E-03,0,6.7073E-01,7.4526E-03,0,5.7927E-01,1.9309E-03
2012-09-27 04:12:49.257,0,1.5244E-01,6.0492E-01,0,3.0488E-02,9.3809E-02,0,3.0488E-02,6.5707E-03,0,1.8293E-01,1.1802E-02,0,3.0488E-01,3.3875E-03,0,7.3171E-01,2.4390E-03
2012-09-27 04:13:22.027,0,1.8293E-01,7.2590E-01,0,9.1463E-02,2.8143E-01,0,0.0,0.0,0,2.4390E-01,1.5736E-02,0,1.5244E-01,1.6938E-03,0,7.6220E-01,2.5407E-03
2012-09-27 04:13:54.793,0,1.2195E-01,4.8393E-01,0,6.0976E-02,1.8762E-01,0,1.5244E-01,3.2853E-02,0,1.5244E-01,9.8348E-03,0,4.5732E-01,5.0813E-03,0,6.0976E-01,2.0325E-03
2012-09-27 04:14:27.560,0,1.5244E-01,6.0492E-01,0,6.0976E-02,1.8762E-01,0,6.0976E-02,1.3141E-02,0,2.4390E-01,1.5736E-02,0,3.3537E-01,3.7263E-03,0,6.7073E-01,2.2358E-03
2012-09-27 04:15:00.327,0,1.5244E-01,6.0492E-01,0,0.0,0.0,0,6.0976E-02,1.3141E-02,0,1.8293E-01,1.1802E-02,0,2.4390E-01,2.7100E-03,0,6.4024E-01,2.1342E-03
2012-09-27 04:15:33.097,0,2.1342E-01,8.4688E-01,0,0.0,0.0,0,1.2195E-01,2.6283E-02,0,1.2195E-01,7.8678E-03,0,5.1829E-01,5.7588E-03,0,4.8780E-01,1.6260E-03
2012-09-27 04:16:05.863,0,1.2195E-01,4.8393E-01,0,0.0,0.0,0,9.1463E-02,1.9712E-02,0,3.0488E-01,1.9670E-02,0,2.7439E-01,3.0488E-03,0,3.6585E-01,1.2195E-03
2012-09-27 04:16:38.630,0,1.2195E-01,4.8393E-01,0,3.0488E-02,9.3809E-02,0,6.0976E-02,1.3141E-02,0,1.8293E-01,1.1802E-02,0,3.3537E-01,3.7263E-03,0,4.5732E-01,1.5244E-03
2012-09-27 04:17:11.397,0,1.2195E-01,4.8393E-01,0,3.0488E-02,9.3809E-02,0,1.2195E-01,2.6283E-02,0,1.2195E-01,7.8678E-03,0,3.6585E-01,4.0650E-03,0,3.6585E-01,1.2195E-03
2012-09-27 04:17:44.167,0,1.5244E-01,6.0492E-01,0,0.0,0.0,0,1.5244E-01,3.2853E-02,0,1.5244E-01,9.8348E-03,0,2.4390E-01,2.7100E-03,0,7.0122E-01,2.3374E-03
2012-09-27 04:18:16.933,0,2.1342E-01,8.4688E-01,0,0.0,0.0,0,1.5244E-01,3.2853E-02,0,2.4390E-01,1.5736E-02,0,3.0488E-01,3.3875E-03,0,5.4878E-01,1.8293E-03
2012-09-27 04:18:49.700,0,1.8293E-01,7.2590E-01,0,0.0,0.0,0,6.0976E-02,1.3141E-02,0,2.1342E-01,1.3769E-02,0,5.1829E-01,5.7588E-03,0,5.4878E-01,1.8293E-03
2012-09-27 04:19:22.470,0,6.0976E-02,2.4197E-01,0,0.0,0.0,0,1.5244E-01,3.2853E-02,0,1.5244E-01,9.8348E-03,0,3.9634E-01,4.4038E-03,0,5.7927E-01,1.9309E-03
2012-09-27 04:19:55.237,0,1.8293E-01,7.2590E-01,0,0.0,0.0,0,9.1463E-02,1.9712E-02,0,1.2195E-01,7.8678E-03,0,3.6585E-01,4.0650E-03,0,5.7927E-01,1.9309E-03
2012-09-27 04:20:28.003,0,6.0976E-02,2.4197E-01,0,0.0,0.0,0,9.1463E-02,1.9712E-02,0,2.4390E-01,1.5736E-02,0,3.6585E-01,4.0650E-03,0,5.4878E-01,1.8293E-03
2012-09-27 04:21:00.770,0,1.2195E-01,4.8393E-01,0,6.0976E-02,1.8762E-01,0,1.2195E-01,2.6283E-02,0,9.1463E-02,5.9009E-03,0,1.8293E-01,2.0325E-03,0,5.4878E-01,1.8293E-03
2012-09-27 04:21:33.540,0,1.2195E-01,4.8393E-01,0,3.0488E-02,9.3809E-02,0,1.2195E-01,2.6283E-02,0,3.0488E-01,1.9670E-02,0,3.9634E-01,4.4038E-03,0,5.4878E-01,1.8293E-03
2012-09-27 04:22:06.307,0,9.1463E-02,3.6295E-01,0,3.0488E-02,9.3809E-02,0,1.2195E-01,2.6283E-02,0,3.0488E-01,1.9670E-02,0,3.0488E-01,3.3875E-03,0,5.1829E-01,1.7276E-03
2012-09-27 04:22:39.073,0,1.8293E-01,7.2590E-01,0,0.0,0.0,0,1.2195E-01,2.6283E-02,0,1.2195E-01,7.8678E-03,0,3.9634E-01,4.4038E-03,0,4.2683E-01,1.4228E-03
2012-09-27 04:23:11.843,0,9.1463E-02,3.6295E-01,0,3.0488E-02,9.3809E-02,0,0.0,0.0,0,1.8293E-01,1.1802E-02,0,5.4878E-01,6.0976E-03,0,4.8780E-01,1.6260E-03
2012-09-27 04:23:44.610,0,2.1342E-01,8.4688E-01,0,0.0,0.0,0,9.1463E-02,1.9712E-02,0,1.8293E-01,1.1802E-02,0,3.0488E-01,3.3875E-03,0,3.6585E-01,1.2195E-03
2012-09-27 04:24:17.377,0,0.0,0.0,0,0.0,0.0,0,6.0976E-02,1.3141E-02,0,1.8293E-01,1.1802E-02,0,3.0488E-01,3.3875E-03,0,3.0488E-01,1.0163E-03
2012-09-27 04:24:50.143,0,1.2195E-01,4.8393E-01,0,3.0488E-02,9.3809E-02,0,1.5244E-01,3.2853E-02,0,2.4390E-01,1.5736E-02,0,3.6585E-01,4.0650E-03,0,4.8780E-01,1.6260E-03
2012-09-27 04:25:22.913,0,6.0976E-02,2.4197E-01,0,0.0,0.0,0,1.8293E-01,3.9424E-02,0,1.5244E-01,9.8348E-03,0,3.3537E-01,3.7263E-03,0,6.7073E-01,2.2358E-03
2012-09-27 04:25:55.680,0,6.0976E-02,2.4197E-01,0,3.0488E-02,9.3809E-02,0,9.1463E-02,1.9712E-02,0,2.7439E-01,1.7703E-02,0,3.6585E-01,4.0650E-03,0,7.6220E-01,2.5407E-03
2012-09-27 04:26:28.447,0,1.2195E-01,4.8393E-01,0,3.0488E-02,9.3809E-02,0,6.0976E-02,1.3141E-02,0,3.0488E-01,1.9670E-02,0,5.4878E-01,6.0976E-03,0,8.8415E-01,2.9471E-03
2012-09-27 04:27:01.217,0,1.8293E-01,7.2590E-01,0,0.0,0.0,0,2.4390E-01,5.2565E-02,0,2.4390E-01,1.5736E-02,0,1.8293E-01,2.0325E-03,0,3.9634E-01,1.3211E-03
2012-09-27 04:27:33.983,0,1.8293E-01,7.2590E-01,0,3.0488E-02,9.3809E-02,0,3.0488E-02,6.5707E-03,0,2.1342E-01,1.3769E-02,0,4.8780E-01,5.4200E-03,0,5.1829E-01,1.7276E-03
2012-09-27 04:28:06.750,0,1.2195E-01,4.8393E-01,0,3.0488E-02,9.3809E-02,0,2.1342E-01,4.5994E-02,0,1.8293E-01,1.1802E-02,0,3.3537E-01,3.7263E-03,0,6.0976E-01,2.0325E-03
2012-09-27 04:28:39.517,0,9.1463E-02,3.6295E-01,0,0.0,0.0,0,9.1463E-02,1.9712E-02,0,1.2195E-01,7.8678E-03,0,3.0488E-01,3.3875E-03,0,6.7073E-01,2.2358E-03
2012-09-27 04:29:12.287,0,1.5244E-01,6.0492E-01,0,0.0,0.0,0,1.2195E-01,2.6283E-02,0,6.0976E-02,3.9339E-03,0,3.6585E-01,4.0650E-03,0,6.0976E-01,2.0325E-03
2012-09-27 04:29:45.053,0,2.1342E-01,8.4688E-01,0,3.0488E-02,9.3809E-02,0,9.1463E-02,1.9712E-02,0,3.0488E-01,1.9670E-02,0,2.7439E-01,3.0488E-03,0,4.8780E-01,1.6260E-03
2012-09-27 04:30:17.820,0,9.1463E-02,3.6295E-01,0,0.0,0.0,0,1.5244E-01,3.2853E-02,0,1.8293E-01,1.1802E-02,0,3.3537E-01,3.7263E-03,0,4.2683E-01,1.4228E-03
2012-09-27 04:30:50.587,0,1.8293E-01,7.2590E-01,0,9.1463E-02,2.8143E-01,0,1.2195E-01,2.6283E-02,0,4.2683E-01,2.7537E-02,0,4.2683E-01,4.7426E-03,0,7.3171E-01,2.4390E-03
2012-09-27 04:31:23.357,0,6.0976E-02,2.4197E-01,0,3.0488E-02,9.3809E-02,0,6.0976E-02,1.3141E-02,0,1.2195E-01,7.8678E-03,0,5.1829E-01,5.7588E-03,0,5.1829E-01,1.7276E-03
2012-09-27 04:31:56.123,0,1.8293E-01,7.2590E-01,0,0.0,0.0,0,3.0488E-02,6.5707E-03,0,3.0488E-01,1.9670E-02,0,4.5732E-01,5.0813E-03,0,5.4878E-01,1.8293E-03
2012-09-27 04:32:28.890,0,1.2195E-01,4.8393E-01,0,0.0,0.0,0,6.0976E-02,1.3141E-02,0,1.8293E-01,1.1802E-02,0,5.1829E-01,5.7588E-03,0,5.4878E-01,1.8293E-03
2012-09-27 04:33:01.657,0,1.5244E-01,6.0492E-01,0,3.0488E-02,9.3809E-02,0,2.1342E-01,4.5994E-02,0,2.1342E-01,1.3769E-02,0,4.5732E-01,5.0813E-03,0,7.0122E-01,2.3374E-03
2012-09-27 04:33:34.427,0,6.0976E-02,2.4197E-01,0,6.0976E-02,1.8762E-01,0,6.0976E-02,1.3141E-02,0,9.1463E-02,5.9009E-03,0,6.4024E-01,7.1138E-03,0,4.5732E-01,1.5244E-03
2012-09-27 04:34:07.193,0,1.5244E-01,6.0492E-01,0,3.0488E-02,9.3809E-02,0,9.1463E-02,1.9712E-02,0,3.0488E-01,1.9670E-02,0,2.7439E-01,3.0488E-03,0,5.1829E-01,1.7276E-03
2012-09-27 04:34:39.960,0,3.6585E-01,1.4518E+00,0,0.0,0.0,0,1.2195E-01,2.6283E-02,0,2.1342E-01,1.3769E-02,0,2.7439E-01,3.0488E-03,0,3.9634E-01,1.3211E-03
2012-09-27 04:35:12.727,0,2.1342E-01,8.4688E-01,0,3.0488E-02,9.3809E-02,0,9.1463E-02,1.9712E-02,0,3.0488E-01,1.9670E-02,0,4.8780E-01,5.4200E-03,0,5.1829E-01,1.7276E-03
2012-09-27 04:35:45.497,0,9.1463E-02,3.6295E-01,0,0.0,0.0,0,0.0,0.0,0,3.3537E-01,2.1636E-02,0,4.5732E-01,5.0813E-03,0,3.0488E-01,1.0163E-03
2012-09-27 04:36:18.263,0,6.0976E-02,2.4197E-01,0,0.0,0.0,0,6.0976E-02,1.3141E-02,0,2.1342E-01,1.3769E-02,0,3.6585E-01,4.0650E-03,0,5.7927E-01,1.9309E-03
2012-09-27 04:36:51.030,0,9.1463E-02,3.6295E-01,0,0.0,0.0,0,1.2195E-01,2.6283E-02,0,2.1342E-01,1.3769E-02,0,3.9634E-01,4.4038E-03,0,4.2683E-01,1.4228E-03
2012-09-27 04:37:23.797,0,1.8293E-01,7.2590E-01,0,0.0,0.0,0,3.0488E-02,6.5707E-03,0,1.5244E-01,9.8348E-03,0,3.6585E-01,4.0650E-03,0,5.1829E-01,1.7276E-03
2012-09-27 04:37:56.567,0,1.2195E-01,4.8393E-01,0,3.0488E-02,9.3809E-02,0,9.1463E-02,1.9712E-02,0,1.2195E-01,7.8678E-03,0,2.4390E-01,2.7100E-03,0,5.4878E-01,1.8293E-03
2012-09-27 04:38:29.333,0,3.0488E-02,1.2098E-01,0,3.0488E-02,9.3809E-02,0,1.5244E-01,3.2853E-02,0,1.8293E-01,1.1802E-02,0,3.3537E-01,3.7263E-03,0,6.7073E-01,2.2358E-03
2012-09-27 04:39:02.100,0,1.2195E-01,4.8393E-01,0,0.0,0.0,0,1.2195E-01,2.6283E-02,0,2.4390E-01,1.5736E-02,0,3.3537E-01,3.7263E-03,0,5.7927E-01,1.9309E-03
2012-09-27 04:39:34.870,0,2.1342E-01,8.4688E-01,0,3.0488E-02,9.3809E-02,0,0.0,0.0,0,9.1463E-02,5.9009E-03,0,3.0488E-01,3.3875E-03,0,3.6585E-01,1.2195E-03
2012-09-27 04:40:07.637,0,6.0976E-02,2.4197E-01,0,0.0,0.0,0,1.5244E-01,3.2853E-02,0,1.5244E-01,9.8348E-03,0,4.8780E-01,5.4200E-03,0,4.5732E-01,1.5244E-03
2012-09-27 04:40:40.403,0,0.0,0.0,0,3.0488E-02,9.3809E-02,0,1.2195E-01,2.6283E-02,0,3.3537E-01,2.1636E-02,0,3.6585E-01,4.0650E-03,0,5.7927E-01,1.9309E-03
2012-09-27 04:41:13.170,0,3.0488E-02,1.2098E-01,0,0.0,0.0,0,9.1463E-02,1.9712E-02,0,2.7439E-01,1.7703E-02,0,2.4390E-01,2.7100E-03,0,6.0976E-01,2.0325E-03
2012-09-27 04:41:45.940,0,2.4390E-01,9.6787E-01,0,0.0,0.0,0,1.2195E-01,2.6283E-02,0,2.1342E-01,1.3769E-02,0,3.6585E-01,4.0650E-03,0,6.4024E-01,2.1342E-03
2012-09-27 04:42:18.707,0,3.0488E-02,1.2098E-01,0,6.0976E-02,1.8762E-01,0,1.2195E-01,2.6283E-02,0,2.7439E-01,1.7703E-02,0,2.7439E-01,3.0488E-03,0,6.0976E-01,2.0325E-03
2012-09-27 04:42:51.473,0,9.1463E-02,3.6295E-01,0,3.0488E-02,9.3809E-02,0,1.5244E-01,3.2853E-02,0,2.1342E-01,1.3769E-02,0,4.2683E-01,4.7426E-03,0,4.8780E-01,1.6260E-03
2012-09-27 04:43:24.243,0,9.1463E-02,3.6295E-01,0,3.0488E-02,9.3809E-02,0,1.2195E-01,2.6283E-02,0,2.1342E-01,1.3769E-02,0,4.5732E-01,5.0813E-03,0,5.4878E-01,1.8293E-03
2012-09-27 04:43:57.010,0,2.4390E-01,9.6787E-01,0,3.0488E-02,9.3809E-02,0,6.0976E-02,1.3141E-02,0,3.9634E-01,2.5570E-02,0,3.3537E-01,3.7263E-03,0,6.4024E-01,2.1342E-03
2012-09-27 04:44:29.777,0,3.0488E-02,1.2098E-01,0,3.0488E-02,9.3809E-02,0,1.8293E-01,3.9424E-02,0,2.4390E-01,1.5736E-02,0,5.7927E-01,6.4363E-03,0,6.7073E-01,2.2358E-03
2012-09-27 04:45:02.543,0,1.2195E-01,4.8393E-01,0,0.0,0.0,0,1.2195E-01,2.6283E-02,0,1.2195E-01,7.8678E-03,0,3.9634E-01,4.4038E-03,0,5.4878E-01,1.8293E-03
2012-09-27 04:45:35.313,0,3.0488E-02,1.2098E-01,0,0.0,0.0,0,9.1463E-02,1.9712E-02,0,1.5244E-01,9.8348E-03,0,3.0488E-01,3.3875E-03,0,3.0488E-01,1.0163E-03
2012-09-27 04:46:08.080,0,9.1463E-02,3.6295E-01,0,3.0488E-02,9.3809E-02,0,1.2195E-01,2.6283E-02,0,2.1342E-01,1.3769E-02,0,2.7439E-01,3.0488E-03,0,4.8780E-01,1.6260E-03
2012-09-27 04:46:40.847,0,1.5244E-01,6.0492E-01,0,3.0488E-02,9.3809E-02,0,6.0976E-02,1.3141E-02,0,1.2195E-01,7.8678E-03,0,3.3537E-01,3.7263E-03,0,4.5732E-01,1.5244E-03
2012-09-27 04:47:13.617,0,9.1463E-02,3.6295E-01,0,0.0,0.0,0,6.0976E-02,1.3141E-02,0,1.2195E-01,7.8678E-03,0,4.8780E-01,5.4200E-03,0,6.7073E-01,2.2358E-03
2012-09-27 04:47:46.383,0,3.0488E-02,1.2098E-01,0,3.0488E-02,9.3809E-02,0,2.1342E-01,4.5994E-02,0,2.7439E-01,1.7703E-02,0,5.4878E-01,6.0976E-03,0,5.1829E-01,1.7276E-03
2012-09-27 04:48:19.150,0,1.8293E-01,7.2590E-01,0,0.0,0.0,0,9.1463E-02,1.9712E-02,0,2.7439E-01,1.7703E-02,0,3.3537E-01,3.7263E-03,0,6.7073E-01,2.2358E-03
2012-09-27 04:48:51.917,0,9.1463E-02,3.6295E-01,0,9.1463E-02,2.8143E-01,0,6.0976E-02,1.3141E-02,0,1.8293E-01,1.1802E-02,0,2.4390E-01,2.7100E-03,0,2.7439E-01,9.1463E-04
2012-09-27 04:49:24.687,0,1.8293E-01,7.2590E-01,0,0.0,0.0,0,1.2195E-01,2.6283E-02,0,3.0488E-01,1.9670E-02,0,3.9634E-01,4.4038E-03,0,5.4878E-01,1.8293E-03
2012-09-27 04:49:57.453,0,1.5244E-01,6.0492E-01,0,0.0,0.0,0,2.4390E-01,5.2565E-02,0,1.8293E-01,1.1802E-02,0,3.9634E-01,4.4038E-03,0,3.9634E-01,1.3211E-03
2012-09-27 04:50:30.220,0,1.2195E-01,4.8393E-01,0,3.0488E-02,9.3809E-02,0,9.1463E-02,1.9712E-02,0,1.8293E-01,1.1802E-02,0,4.5732E-01,5.0813E-03,0,3.3537E-01,1.1179E-03
2012-09-27 04:51:02.987,0,1.5244E-01,6.0492E-01,0,3.0488E-02,9.3809E-02,0,9.1463E-02,1.9712E-02,0,1.8293E-01,1.1802E-02,0,3.6585E-01,4.0650E-03,0,7.3171E-01,2.4390E-03
2012-09-27 04:51:35.757,0,1.8293E-01,7.2590E-01,0,0.0,0.0,0,2.1342E-01,4.5994E-02,0,1.5244E-01,9.8348E-03,0,2.4390E-01,2.7100E-03,0,6.0976E-01,2.0325E-03
2012-09-27 04:52:08.523,0,1.2195E-01,4.8393E-01,0,0.0,0.0,0,1.2195E-01,2.6283E-02,0,1.5244E-01,9.8348E-03,0,5.4878E-01,6.0976E-03,0,4.8780E-01,1.6260E-03
2012-09-27 04:52:41.290,0,6.0976E-02,2.4197E-01,0,0.0,0.0,0,1.2195E-01,2.6283E-02,0,1.8293E-01,1.1802E-02,0,5.1829E-01,5.7588E-03,0,7.0122E-01,2.3374E-03
2012-09-27 04:53:14.057,0,6.0976E-02,2.4197E-01,0,6.0976E-02,1.8762E-01,0,9.1463E-02,1.9712E-02,0,1.5244E-01,9.8348E-03,0,3.3537E-01,3.7263E-03,0,6.0976E-01,2.0325E-03
2012-09-27 04:53:46.827,0,6.0976E-02,2.4197E-01,0,3.0488E-02,9.3809E-02,0,9.1463E-02,1.9712E-02,0,1.8293E-01,1.1802E-02,0,3.6585E-01,4.0650E-03,0,6.0976E-01,2.0325E-03
2012-09-27 04:54:19.593,0,1.5244E-01,6.0492E-01,0,6.0976E-02,1.8762E-01,0,1.2195E-01,2.6283E-02,0,1.8293E-01,1.1802E-02,0,3.0488E-01,3.3875E-03,0,6.0976E-01,2.0325E-03
2012-09-27 04:54:52.360,0,1.5244E-01,6.0492E-01,0,9.1463E-02,2.8143E-01,0,6.0976E-02,1.3141E-02,0,1.8293E-01,1.1802E-02,0,4.5732E-01,5.0813E-03,0,6.0976E-01,2.0325E-03
2012-09-27 04:55:25.127,0,6.0976E-02,2.4197E-01,0,0.0,0.0,0,9.1463E-02,1.9712E-02,0,1.8293E-01,1.1802E-02,0,3.3537E-01,3.7263E-03,0,5.7927E-01,1.9309E-03
2012-09-27 04:55:57.897,0,6.0976E-02,2.4197E-01,0,0.0,0.0,0,0.0,0.0,0,1.2195E-01,7.8678E-03,0,3.0488E-01,3.3875E-03,0,6.4024E-01,2.1342E-03
2012-09-27 04:56:30.663,0,1.2195E-01,4.8393E-01,0,9.1463E-02,2.8143E-01,0,6.0976E-02,1.3141E-02,0,2.4390E-01,1.5736E-02,0,3.9634E-01,4.4038E-03,0,5.4878E-01,1.8293E-03
2012-09-27 04:57:03.430,0,1.8293E-01,7.2590E-01,0,0.0,0.0,0,0.0,0.0,0,1.2195E-01,7.8678E-03,0,2.1342E-01,2.3713E-03,0,6.4024E-01,2.1342E-03
2012-09-27 04:57:36.197,0,1.2195E-01,4.8393E-01,0,3.0488E-02,9.3809E-02,0,6.0976E-02,1.3141E-02,0,2.7439E-01,1.7703E-02,0,4.8780E-01,5.4200E-03,0,6.0976E-01,2.0325E-03
2012-09-27 04:58:08.967,0,2.4390E-01,9.6787E-01,0,3.0488E-02,9.3809E-02,0,1.2195E-01,2.6283E-02,0,1.8293E-01,1.1802E-02,0,3.9634E-01,4.4038E-03,0,3.6585E-01,1.2195E-03
2012-09-27 04:58:41.733,0,9.1463E-02,3.6295E-01,0,3.0488E-02,9.3809E-02,0,6.0976E-02,1.3141E-02,0,1.8293E-01,1.1802E-02,0,3.0488E-01,3.3875E-03,0,3.3537E-01,1.1179E-03
2012-09-27 04:59:14.500,0,1.2195E-01,4.8393E-01,0,3.0488E-02,9.3809E-02,0,1.8293E-01,3.9424E-02,0,1.2195E-01,7.8678E-03,0,3.9634E-01,4.4038E-03,0,6.4024E-01,2.1342E-03
2012-09-27 04:59:47.267,0,1.5244E-01,6.0492E-01,0,0.0,0.0,0,1.5244E-01,3.2853E-02,0,3.3537E-01,2.1636E-02,0,3.6585E-01,4.0650E-03,0,4.8780E-01,1.6260E-03
2012-09-27 05:00:20.037,0,1.5244E-01,6.0492E-01,0,0.0,0.0,0,6.0976E-02,1.3141E-02,0,2.1342E-01,1.3769E-02,0,4.8780E-01,5.4200E-03,0,8.2317E-01,2.7439E-03
2012-09-27 05:00:52.803,0,9.1463E-02,3.6295E-01,0,0.0,0.0,0,6.0976E-02,1.3141E-02,0,1.8293E-01,1.1802E-02,0,1.5244E-01,1.6938E-03,0,9.4512E-01,3.1504E-03
2012-09-27 05:01:25.570,0,1.8293E-01,7.2590E-01,0,3.0488E-02,9.3809E-02,0,6.0976E-02,1.3141E-02,0,1.5244E-01,9.8348E-03,0,2.4390E-01,2.7100E-03,0,7.6220E-01,2.5407E-03
2012-09-27 05:01:58.340,0,1.2195E-01,4.8393E-01,0,6.0976E-02,1.8762E-01,0,9.1463E-02,1.9712E-02,0,1.5244E-01,9.8348E-03,0,3.0488E-01,3.3875E-03,0,7.3171E-01,2.4390E-03
2012-09-27 05:02:31.107,0,9.1463E-02,3.6295E-01,0,3.0488E-02,9.3809E-02,0,1.8293E-01,3.9424E-02,0,1.2195E-01,7.8678E-03,0,3.3537E-01,3.7263E-03,0,4.2683E-01,1.4228E-03
2012-09-27 05:03:03.873,0,1.2195E-01,4.8393E-01,0,0.0,0.0,0,3.0488E-02,6.5707E-03,0,2.1342E-01,1.3769E-02,0,3.9634E-01,4.4038E-03,0,6.7073E-01,2.2358E-03
2012-09-27 05:03:36.640,0,3.0488E-02,1.2098E-01,0,0.0,0.0,0,9.1463E-02,1.9712E-02,0,1.2195E-01,7.8678E-03,0,3.0488E-01,3.3875E-03,0,7.6220E-01,2.5407E-03
2012-09-27 05:04:09.410,0,1.5244E-01,6.0492E-01,0,3.0488E-02,9.3809E-02,0,1.5244E-01,3.2853E-02,0,2.7439E-01,1.7703E-02,0,5.1829E-01,5.7588E-03,0,4.2683E-01,1.4228E-03
2012-09-27 05:04:42.177,0,1.2195E-01,4.8393E-01,0,3.0488E-02,9.3809E-02,0,9.1463E-02,1.9712E-02,0,1.5244E-01,9.8348E-03,0,4.8780E-01,5.4200E-03,0,6.7073E-01,2.2358E-03
2012-09-27 05:05:14.943,0,1.8293E-01,7.2590E-01,0,0.0,0.0,0,3.0488E-02,6.5707E-03,0,1.8293E-01,1.1802E-02,0,2.4390E-01,2.7100E-03,0,6.7073E-01,2.2358E-03
2012-09-27 05:05:47.710,0,1.2195E-01,4.8393E-01,0,3.0488E-02,9.3809E-02,0,1.2195E-01,2.6283E-02,0,6.0976E-02,3.9339E-03,0,3.3537E-01,3.7263E-03,0,5.4878E-01,1.8293E-03
2012-09-27 05:06:20.480,0,1.5244E-01,6.0492E-01,0,0.0,0.0,0,1.5244E-01,3.2853E-02,0,1.5244E-01,9.8348E-03,0,3.3537E-01,3.7263E-03,0,5.1829E-01,1.7276E-03
2012-09-27 05:06:53.247,0,1.2195E-01,4.8393E-01,0,9.1463E-02,2.8143E-01,0,9.1463E-02,1.9712E-02,0,2.1342E-01,1.3769E-02,0,4.5732E-01,5.0813E-03,0,4.8780E-01,1.6260E-03
2012-09-27 05:07:26.013,0,1.2195E-01,4.8393E-01,0,6.0976E-02,1.8762E-01,0,1.2195E-01,2.6283E-02,0,1.5244E-01,9.8348E-03,0,1.5244E-01,1.6938E-03,0,6.7073E-01,2.2358E-03
2012-09-27 05:07:58.783,0,1.8293E-01,7.2590E-01,0,6.0976E-02,1.8762E-01,0,3.0488E-02,6.5707E-03,0,2.4390E-01,1.5736E-02,0,4.5732E-01,5.0813E-03,0,7.6220E-01,2.5407E-03
2012-09-27 05:08:31.550,0,1.5244E-01,6.0492E-01,0,0.0,0.0,0,1.5244E-01,3.2853E-02,0,2.4390E-01,1.5736E-02,0,3.0488E-01,3.3875E-03,0,7.3171E-01,2.4390E-03
2012-09-27 05:09:04.317,0,1.2195E-01,4.8393E-01,0,6.0976E-02,1.8762E-01,0,6.0976E-02,1.3141E-02,0,3.0488E-01,1.9670E-02,0,3.9634E-01,4.4038E-03,0,4.2683E-01,1.4228E-03
2012-09-27 05:09:37.083,0,1.2195E-01,4.8393E-01,0,0.0,0.0,0,1.8293E-01,3.9424E-02,0,1.8293E-01,1.1802E-02,0,3.0488E-01,3.3875E-03,0,4.5732E-01,1.5244E-03
2012-09-27 05:10:09.853,0,2.1342E-01,8.4688E-01,0,0.0,0.0,0,1.5244E-01,3.2853E-02,0,3.3537E-01,2.1636E-02,0,4.8780E-01,5.4200E-03,0,8.2317E-01,2.7439E-03
2012-09-27 05:10:42.620,0,1.8293E-01,7.2590E-01,0,0.0,0.0,0,0.0,0.0,0,3.6585E-01,2.3604E-02,0,2.1342E-01,2.3713E-03,0,7.6220E-01,2.5407E-03
2012-09-27 05:11:15.387,0,1.8293E-01,7.2590E-01,0,3.0488E-02,9.3809E-02,0,9.1463E-02,1.9712E-02,0,1.2195E-01,7.8678E-03,0,3.0488E-01,3.3875E-03,0,6.4024E-01,2.1342E-03
2012-09-27 05:11:48.153,0,1.2195E-01,4.8393E-01,0,0.0,0.0,0,1.2195E-01,2.6283E-02,0,1.8293E-01,1.1802E-02,0,5.1829E-01,5.7588E-03,0,7.9268E-01,2.6423E-03
2012-09-27 05:12:20.923,0,6.0976E-02,2.4197E-01,0,0.0,0.0,0,1.2195E-01,2.6283E-02,0,1.5244E-01,9.8348E-03,0,3.9634E-01,4.4038E-03,0,4.5732E-01,1.5244E-03
2012-09-27 05:12:53.690,0,6.0976E-02,2.4197E-01,0,6.0976E-02,1.8762E-01,0,9.1463E-02,1.9712E-02,0,1.5244E-01,9.8348E-03,0,2.4390E-01,2.7100E-03,0,5.4878E-01,1.8293E-03
2012-09-27 05:13:26.457,0,9.1463E-02,3.6295E-01,0,3.0488E-02,9.3809E-02,0,6.0976E-02,1.3141E-02,0,1.2195E-01,7.8678E-03,0,4.2683E-01,4.7426E-03,0,6.0976E-01,2.0325E-03
2012-09-27 05:13:59.227,0,9.1463E-02,3.6295E-01,0,0.0,0.0,0,1.5244E-01,3.2853E-02,0,2.1342E-01,1.3769E-02,0,3.0488E-01,3.3875E-03,0,7.3171E-01,2.4390E-03
2012-09-27 05:14:31.993,0,0.0,0.0,0,0.0,0.0,0,1.5244E-01,3.2853E-02,0,2.1342E-01,1.3769E-02,0,4.8780E-01,5.4200E-03,0,6.4024E-01,2.1342E-03
2012-09-27 05:15:04.760,0,1.5244E-01,6.0492E-01,0,0.0,0.0,0,3.0488E-02,6.5707E-03,0,9.1463E-02,5.9009E-03,0,3.3537E-01,3.7263E-03,0,6.4024E-01,2.1342E-03
2012-09-27 05:15:37.527,0,1.2195E-01,4.8393E-01,0,6.0976E-02,1.8762E-01,0,3.0488E-02,6.5707E-03,0,1.2195E-01,7.8678E-03,0,4.8780E-01,5.4200E-03,0,6.0976E-01,2.0325E-03
2012-09-27 05:16:10.297,0,1.5244E-01,6.0492E-01,0,0.0,0.0,0,6.0976E-02,1.3141E-02,0,9.1463E-02,5.9009E-03,0,3.3537E-01,3.7263E-03,0,5.7927E-01,1.9309E-03
2012-09-27 05:16:43.063,0,1.2195E-01,4.8393E-01,0,0.0,0.0,0,1.8293E-01,3.9424E-02,0,1.8293E-01,1.1802E-02,0,4.2683E-01,4.7426E-03,0,6.7073E-01,2.2358E-03
2012-09-27 05:17:15.830,0,3.0488E-02,1.2098E-01,0,0.0,0.0,0,1.8293E-01,3.9424E-02,0,2.4390E-01,1.5736E-02,0,4.5732E-01,5.0813E-03,0,6.7073E-01,2.2358E-03
2012-09-27 05:17:48.597,0,3.0488E-02,1.2098E-01,0,0.0,0.0,0,3.0488E-02,6.5707E-03,0,1.2195E-01,7.8678E-03,0,3.3537E-01,3.7263E-03,0,4.5732E-01,1.5244E-03
2012-09-27 05:18:21.367,0,1.2195E-01,4.8393E-01,0,9.1463E-02,2.8143E-01,0,9.1463E-02,1.9712E-02,0,9.1463E-02,5.9009E-03,0,2.1342E-01,2.3713E-03,0,6.7073E-01,2.2358E-03
2012-09-27 05:18:54.133,0,6.0976E-02,2.4197E-01,0,3.0488E-02,9.3809E-02,0,9.1463E-02,1.9712E-02,0,2.1342E-01,1.3769E-02,0,2.1342E-01,2.3713E-03,0,8.2317E-01,2.7439E-03
2012-09-27 05:19:26.900,0,0.0,0.0,0,0.0,0.0,0,0.0,0.0,0,2.4390E-01,1.5736E-02,0,4.5732E-01,5.0813E-03,0,7.6220E-01,2.5407E-03
2012-09-27 05:19:59.667,0,1.2195E-01,4.8393E-01,0,3.0488E-02,9.3809E-02,0,6.0976E-02,1.3141E-02,0,1.2195E-01,7.8678E-03,0,2.7439E-01,3.0488E-03,0,4.5732E-01,1.5244E-03
2012-09-27 05:20:32.437,0,6.0976E-02,2.4197E-01,0,0.0,0.0,0,1.5244E-01,3.2853E-02,0,2.4390E-01,1.5736E-02,0,6.0976E-01,6.7751E-03,0,5.4878E-01,1.8293E-03
2012-09-27 05:21:05.203,0,6.0976E-02,2.4197E-01,0,0.0,0.0,0,3.0488E-02,6.5707E-03,0,1.5244E-01,9.8348E-03,0,4.2683E-01,4.7426E-03,0,3.9634E-01,1.3211E-03
2012-09-27 05:21:37.970,0,0.0,0.0,0,3.0488E-02,9.3809E-02,0,6.0976E-02,1.3141E-02,0,2.7439E-01,1.7703E-02,0,3.9634E-01,4.4038E-03,0,5.4878E-01,1.8293E-03
2012-09-27 05:22:10.737,0,2.1342E-01,8.4688E-01,0,0.0,0.0,0,9.1463E-02,1.9712E-02,0,6.0976E-02,3.9339E-03,0,3.0488E-01,3.3875E-03,0,6.0976E-01,2.0325E-03
2012-09-27 05:22:43.507,0,0.0,0.0,0,0.0,0.0,0,9.1463E-02,1.9712E-02,0,1.5244E-01,9.8348E-03,0,3.3537E-01,3.7263E-03,0,7.3171E-01,2.4390E-03
2012-09-27 05:23:16.273,0,9.1463E-02,3.6295E-01,0,0.0,0.0,0,9.1463E-02,1.9712E-02,0,3.3537E-01,2.1636E-02,0,3.9634E-01,4.4038E-03,0,6.0976E-01,2.0325E-03
2012-09-27 05:23:49.040,0,0.0,0.0,0,0.0,0.0,0,1.2195E-01,2.6283E-02,0,1.5244E-01,9.8348E-03,0,3.0488E-01,3.3875E-03,0,7.0122E-01,2.3374E-03
2012-09-27 05:24:21.807,0,1.2195E-01,4.8393E-01,0,3.0488E-02,9.3809E-02,0,1.2195E-01,2.6283E-02,0,2.4390E-01,1.5736E-02,0,3.6585E-01,4.0650E-03,0,6.7073E-01,2.2358E-03
2012-09-27 05:24:54.577,0,9.1463E-02,3.6295E-01,0,0.0,0.0,0,1.2195E-01,2.6283E-02,0,2.1342E-01,1.3769E-02,0,3.6585E-01,4.0650E-03,0,5.4878E-01,1.8293E-03
2012-09-27 05:25:27.343,0,9.1463E-02,3.6295E-01,0,0.0,0.0,0,9.1463E-02,1.9712E-02,0,1.5244E-01,9.8348E-03,0,3.6585E-01,4.0650E-03,0,4.8780E-01,1.6260E-03
2012-09-27 05:26:00.110,0,6.0976E-02,2.4197E-01,0,3.0488E-02,9.3809E-02,0,9.1463E-02,1.9712E-02,0,2.1342E-01,1.3769E-02,0,3.3537E-01,3.7263E-03,0,4.8780E-01,1.6260E-03
2012-09-27 05:26:32.877,0,6.0976E-02,2.4197E-01,0,0.0,0.0,0,3.0488E-02,6.5707E-03,0,3.0488E-01,1.9670E-02,0,3.3537E-01,3.7263E-03,0,6.4024E-01,2.1342E-03
2012-09-27 05:27:05.647,0,6.0976E-02,2.4197E-01,0,0.0,0.0,0,9.1463E-02,1.9712E-02,0,1.8293E-01,1.1802E-02,0,4.5732E-01,5.0813E-03,0,4.8780E-01,1.6260E-03
2012-09-27 05:27:38.413,0,2.4390E-01,9.6787E-01,0,0.0,0.0,0,0.0,0.0,0,2.4390E-01,1.5736E-02,0,5.4878E-01,6.0976E-03,0,4.2683E-01,1.4228E-03
2012-09-27 05:28:11.180,0,1.2195E-01,4.8393E-01,0,3.0488E-02,9.3809E-02,0,9.1463E-02,1.9712E-02,0,1.8293E-01,1.1802E-02,0,4.2683E-01,4.7426E-03,0,6.7073E-01,2.2358E-03
2012-09-27 05:28:43.947,0,1.2195E-01,4.8393E-01,0,0.0,0.0,0,1.2195E-01,2.6283E-02,0,3.0488E-01,1.9670E-02,0,2.4390E-01,2.7100E-03,0,6.7073E-01,2.2358E-03
2012-09-27 05:29:16.717,0,9.1463E-02,3.6295E-01,0,0.0,0.0,0,3.0488E-02,6.5707E-03,0,2.1342E-01,1.3769E-02,0,2.4390E-01,2.7100E-03,0,6.7073E-01,2.2358E-03
2012-09-27 05:29:49.483,0,9.1463E-02,3.6295E-01,0,0.0,0.0,0,9.1463E-02,1.9712E-02,0,3.6585E-01,2.3604E-02,0,3.6585E-01,4.0650E-03,0,5.4878E-01,1.8293E-03
2012-09-27 05:30:22.250,0,6.0976E-02,2.4197E-01,0,0.0,0.0,0,9.1463E-02,1.9712E-02,0,3.0488E-01,1.9670E-02,0,3.0488E-01,3.3875E-03,0,7.6220E-01,2.5407E-03
2012-09-27 05:30:55.017,0,3.0488E-02,1.2098E-01,0,0.0,0.0,0,1.5244E-01,3.2853E-02,0,1.5244E-01,9.8348E-03,0,3.9634E-01,4.4038E-03,0,5.7927E-01,1.9309E-03
2012-09-27 05:31:27.787,0,3.0488E-02,1.2098E-01,0,0.0,0.0,0,1.5244E-01,3.2853E-02,0,1.5244E-01,9.8348E-03,0,3.3537E-01,3.7263E-03,0,4.8780E-01,1.6260E-03
2012-09-27 05:32:00.553,0,1.5244E-01,6.0492E-01,0,3.0488E-02,9.3809E-02,0,9.1463E-02,1.9712E-02,0,2.1342E-01,1.3769E-02,0,2.7439E-01,3.0488E-03,0,5.7927E-01,1.9309E-03
2012-09-27 05:32:33.320,0,1.8293E-01,7.2590E-01,0,0.0,0.0,0,1.2195E-01,2.6283E-02,0,2.1342E-01,1.3769E-02,0,4.2683E-01,4.7426E-03,0,5.7927E-01,1.9309E-03
2012-09-27 05:33:06.087,0,0.0,0.0,0,3.0488E-02,9.3809E-02,0,6.0976E-02,1.3141E-02,0,1.5244E-01,9.8348E-03,0,3.0488E-01,3.3875E-03,0,7.9268E-01,2.6423E-03
2012-09-27 05:33:38.857,0,9.1463E-02,3.6295E-01,0,0.0,0.0,0,9.1463E-02,1.9712E-02,0,2.1342E-01,1.3769E-02,0,3.3537E-01,3.7263E-03,0,8.5366E-01,2.8455E-03
2012-09-27 05:34:11.623,0,3.0488E-02,1.2098E-01,0,0.0,0.0,0,3.0488E-02,6.5707E-03,0,2.1342E-01,1.3769E-02,0,2.4390E-01,2.7100E-03,0,6.0976E-01,2.0325E-03
2012-09-27 05:34:44.390,0,6.0976E-02,2.4197E-01,0,0.0,0.0,0,6.0976E-02,1.3141E-02,0,1.5244E-01,9.8348E-03,0,3.6585E-01,4.0650E-03,0,5.1829E-01,1.7276E-03
2012-09-27 05:35:17.157,0,3.0488E-02,1.2098E-01,0,0.0,0.0,0,9.1463E-02,1.9712E-02,0,2.4390E-01,1.5736E-02,0,5.4878E-01,6.0976E-03,0,4.2683E-01,1.4228E-03
2012-09-27 05:35:49.927,0,9.1463E-02,3.6295E-01,0,3.0488E-02,9.3809E-02,0,0.0,0.0,0,2.1342E-01,1.3769E-02,0,3.9634E-01,4.4038E-03,0,5.4878E-01,1.8293E-03
2012-09-27 05:36:22.693,0,1.2195E-01,4.8393E-01,0,3.0488E-02,9.3809E-02,0,6.0976E-02,1.3141E-02,0,2.7439E-01,1.7703E-02,0,5.4878E-01,6.0976E-03,0,5.4878E-01,1.8293E-03
2012-09-27 05:36:55.460,0,1.5244E-01,6.0492E-01,0,0.0,0.0,0,6.0976E-02,1.3141E-02,0,2.4390E-01,1.5736E-02,0,3.3537E-01,3.7263E-03,0,3.6585E-01,1.2195E-03
2012-09-27 05:37:28.230,0,9.1463E-02,3.6295E-01,0,0.0,0.0,0,1.2195E-01,2.6283E-02,0,1.8293E-01,1.1802E-02,0,3.3537E-01,3.7263E-03,0,6.7073E-01,2.2358E-03
2012-09-27 05:38:00.997,0,6.0976E-02,2.4197E-01,0,0.0,0.0,0,9.1463E-02,1.9712E-02,0,2.7439E-01,1.7703E-02,0,1.5244E-01,1.6938E-03,0,8.2317E-01,2.7439E-03
2012-09-27 05:38:33.763,0,0.0,0.0,0,3.0488E-02,9.3809E-02,0,3.0488E-02,6.5707E-03,0,2.7439E-01,1.7703E-02,0,3.3537E-01,3.7263E-03,0,3.9634E-01,1.3211E-03
2012-09-27 05:39:06.530,0,9.1463E-02,3.6295E-01,0,3.0488E-02,9.3809E-02,0,6.0976E-02,1.3141E-02,0,2.4390E-01,1.5736E-02,0,1.5244E-01,1.6938E-03,0,8.2317E-01,2.7439E-03
2012-09-27 05:39:39.300,0,0.0,0.0,0,0.0,0.0,0,9.1463E-02,1.9712E-02,0,1.8293E-01,1.1802E-02,0,3.6585E-01,4.0650E-03,0,5.7927E-01,1.9309E-03
2012-09-27 05:40:12.067,0,3.0488E-02,1.2098E-01,0,0.0,0.0,0,6.0976E-02,1.3141E-02,0,2.7439E-01,1.7703E-02,0,3.6585E-01,4.0650E-03,0,2.7439E-01,9.1463E-04
2012-09-27 05:40:44.833,0,3.0488E-02,1.2098E-01,0,3.0488E-02,9.3809E-02,0,2.4390E-01,5.2565E-02,0,3.0488E-01,1.9670E-02,0,2.7439E-01,3.0488E-03,0,6.7073E-01,2.2358E-03
2012-09-27 05:41:17.600,0,3.0488E-02,1.2098E-01,0,0.0,0.0,0,6.0976E-02,1.3141E-02,0,2.1342E-01,1.3769E-02,0,3.3537E-01,3.7263E-03,0,5.7927E-01,1.9309E-03
2012-09-27 05:41:50.370,0,1.5244E-01,6.0492E-01,0,0.0,0.0,0,9.1463E-02,1.9712E-02,0,1.2195E-01,7.8678E-03,0,4.5732E-01,5.0813E-03,0,6.0976E-01,2.0325E-03
2012-09-27 05:42:23.137,0,3.0488E-02,1.2098E-01,0,0.0,0.0,0,6.0976E-02,1.3141E-02,0,9.1463E-02,5.9009E-03,0,4.8780E-01,5.4200E-03,0,6.4024E-01,2.1342E-03
2012-09-27 05:42:55.903,0,6.0976E-02,2.4197E-01,0,0.0,0.0,0,1.5244E-01,3.2853E-02,0,1.8293E-01,1.1802E-02,0,2.7439E-01,3.0488E-03,0,5.4878E-01,1.8293E-03
2012-09-27 05:43:28.670,0,6.0976E-02,2.4197E-01,0,0.0,0.0,0,1.8293E-01,3.9424E-02,0,1.8293E-01,1.1802E-02,0,2.7439E-01,3.0488E-03,0,6.4024E-01,2.1342E-03
2012-09-27 05:44:01.440,0,9.1463E-02,3.6295E-01,0,3.0488E-02,9.3809E-02,0,1.5244E-01,3.2853E-02,0,2.1342E-01,1.3769E-02,0,3.0488E-01,3.3875E-03,0,7.6220E-01,2.5407E-03
2012-09-27 05:44:34.207,0,9.1463E-02,3.6295E-01,0,0.0,0.0,0,6.0976E-02,1.3141E-02,0,2.1342E-01,1.3769E-02,0,4.5732E-01,5.0813E-03,0,7.3171E-01,2.4390E-03
2012-09-27 05:45:06.973,0,9.1463E-02,3.6295E-01,0,3.0488E-02,9.3809E-02,0,1.8293E-01,3.9424E-02,0,1.8293E-01,1.1802E-02,0,3.6585E-01,4.0650E-03,0,5.4878E-01,1.8293E-03
2012-09-27 05:45:39.740,0,3.0488E-02,1.2098E-01,0,0.0,0.0,0,1.5244E-01,3.2853E-02,0,9.1463E-02,5.9009E-03,0,3.3537E-01,3.7263E-03,0,7.3171E-01,2.4390E-03
2012-09-27 05:46:12.510,0,0.0,0.0,0,0.0,0.0,0,9.1463E-02,1.9712E-02,0,2.7439E-01,1.7703E-02,0,3.0488E-01,3.3875E-03,0,5.4878E-01,1.8293E-03
2012-09-27 05:46:45.277,0,0.0,0.0,0,3.0488E-02,9.3809E-02,0,9.1463E-02,1.9712E-02,0,9.1463E-02,5.9009E-03,0,4.2683E-01,4.7426E-03,0,4.2683E-01,1.4228E-03
2012-09-27 05:47:18.043,0,9.1463E-02,3.6295E-01,0,0.0,0.0,0,9.1463E-02,1.9712E-02,0,3.9634E-01,2.5570E-02,0,3.6585E-01,4.0650E-03,0,6.4024E-01,2.1342E-03
2012-09-27 05:47:50.813,0,6.0976E-02,2.4197E-01,0,0.0,0.0,0,6.0976E-02,1.3141E-02,0,1.5244E-01,9.8348E-03,0,3.3537E-01,3.7263E-03,0,5.4878E-01,1.8293E-03
2012-09-27 05:48:23.580,0,9.1463E-02,3.6295E-01,0,0.0,0.0,0,9.1463E-02,1.9712E-02,0,2.4390E-01,1.5736E-02,0,3.3537E-01,3.7263E-03,0,8.2317E-01,2.7439E-03
2012-09-27 05:48:56.347,0,0.0,0.0,0,3.0488E-02,9.3809E-02,0,9.1463E-02,1.9712E-02,0,1.8293E-01,1.1802E-02,0,5.4878E-01,6.0976E-03,0,6.0976E-01,2.0325E-03
2012-09-27 05:49:29.113,0,1.2195E-01,4.8393E-01,0,9.1463E-02,2.8143E-01,0,9.1463E-02,1.9712E-02,0,1.8293E-01,1.1802E-02,0,4.5732E-01,5.0813E-03,0,5.7927E-01,1.9309E-03
2012-09-27 05:50:01.883,0,3.0488E-02,1.2098E-01,0,0.0,0.0,0,1.5244E-01,3.2853E-02,0,2.4390E-01,1.5736E-02,0,3.3537E-01,3.7263E-03,0,7.3171E-01,2.4390E-03
2012-09-27 05:50:34.650,0,3.0488E-02,1.2098E-01,0,3.0488E-02,9.3809E-02,0,9.1463E-02,1.9712E-02,0,2.7439E-01,1.7703E-02,0,3.0488E-01,3.3875E-03,0,5.7927E-01,1.9309E-03
2012-09-27 05:51:07.417,0,9.1463E-02,3.6295E-01,0,3.0488E-02,9.3809E-02,0,6.0976E-02,1.3141E-02,0,2.4390E-01,1.5736E-02,0,5.1829E-01,5.7588E-03,0,6.4024E-01,2.1342E-03
2012-09-27 05:51:40.183,0,6.0976E-02,2.4197E-01,0,6.0976E-02,1.8762E-01,0,6.0976E-02,1.3141E-02,0,2.4390E-01,1.5736E-02,0,4.5732E-01,5.0813E-03,0,7.0122E-01,2.3374E-03
2012-09-27 05:52:12.953,0,6.0976E-02,2.4197E-01,0,0.0,0.0,0,1.8293E-01,3.9424E-02,0,9.1463E-02,5.9009E-03,0,2.4390E-01,2.7100E-03,0,5.1829E-01,1.7276E-03
2012-09-27 05:52:45.720,0,3.0488E-02,1.2098E-01,0,0.0,0.0,0,6.0976E-02,1.3141E-02,0,1.8293E-01,1.1802E-02,0,3.9634E-01,4.4038E-03,0,7.0122E-01,2.3374E-03
2012-09-27 05:53:18.487,0,3.0488E-02,1.2098E-01,0,3.0488E-02,9.3809E-02,0,1.2195E-01,2.6283E-02,0,1.8293E-01,1.1802E-02,0,3.6585E-01,4.0650E-03,0,4.2683E-01,1.4228E-03
2012-09-27 05:53:51.253,0,9.1463E-02,3.6295E-01,0,0.0,0.0,0,6.0976E-02,1.3141E-02,0,3.6585E-01,2.3604E-02,0,4.2683E-01,4.7426E-03,0,6.4024E-01,2.1342E-03
2012-09-27 05:54:24.023,0,6.0976E-02,2.4197E-01,0,3.0488E-02,9.3809E-02,0,9.1463E-02,1.9712E-02,0,3.0488E-01,1.9670E-02,0,4.5732E-01,5.0813E-03,0,7.3171E-01,2.4390E-03
2012-09-27 05:54:56.790,0,9.1463E-02,3.6295E-01,0,0.0,0.0,0,1.2195E-01,2.6283E-02,0,2.7439E-01,1.7703E-02,0,1.8293E-01,2.0325E-03,0,6.4024E-01,2.1342E-03
2012-09-27 05:55:29.557,0,9.1463E-02,3.6295E-01,0,0.0,0.0,0,1.2195E-01,2.6283E-02,0,2.7439E-01,1.7703E-02,0,2.1342E-01,2.3713E-03,0,5.7927E-01,1.9309E-03
2012-09-27 05:56:02.323,0,9.1463E-02,3.6295E-01,0,3.0488E-02,9.3809E-02,0,9.1463E-02,1.9712E-02,0,3.0488E-02,1.9670E-03,0,3.9634E-01,4.4038E-03,0,3.6585E-01,1.2195E-03
2012-09-27 05:56:35.093,0,6.0976E-02,2.4197E-01,0,0.0,0.0,0,1.2195E-01,2.6283E-02,0,1.5244E-01,9.8348E-03,0,3.3537E-01,3.7263E-03,0,5.1829E-01,1.7276E-03
2012-09-27 05:57:07.860,0,6.0976E-02,2.4197E-01,0,3.0488E-02,9.3809E-02,0,9.1463E-02,1.9712E-02,0,1.5244E-01,9.8348E-03,0,4.8780E-01,5.4200E-03,0,7.0122E-01,2.3374E-03
2012-09-27 05:57:40.627,0,3.0488E-02,1.2098E-01,0,3.0488E-02,9.3809E-02,0,2.1342E-01,4.5994E-02,0,1.5244E-01,9.8348E-03,0,4.5732E-01,5.0813E-03,0,6.4024E-01,2.1342E-03
2012-09-27 05:58:13.393,0,9.1463E-02,3.6295E-01,0,0.0,0.0,0,9.1463E-02,1.9712E-02,0,2.1342E-01,1.3769E-02,0,5.1829E-01,5.7588E-03,0,4.8780E-01,1.6260E-03
2012-09-27 05:58:46.163,0,9.1463E-02,3.6295E-01,0,6.0976E-02,1.8762E-01,0,1.5244E-01,3.2853E-02,0,2.4390E-01,1.5736E-02,0,2.7439E-01,3.0488E-03,0,6.0976E-01,2.0325E-03
2012-09-27 05:59:18.930,0,9.1463E-02,3.6295E-01,0,6.0976E-02,1.8762E-01,0,9.1463E-02,1.9712E-02,0,1.8293E-01,1.1802E-02,0,3.6585E-01,4.0650E-03,0,7.0122E-01,2.3374E-03
2012-09-27 05:59:51.697,0,3.0488E-02,1.2098E-01,0,3.0488E-02,9.3809E-02,0,1.2195E-01,2.6283E-02,0,1.8293E-01,1.1802E-02,0,2.7439E-01,3.0488E-03,0,6.0976E-01,2.0325E-03
2012-09-27 06:00:24.467,0,6.0976E-02,2.4197E-01,0,0.0,0.0,0,6.0976E-02,1.3141E-02,0,1.2195E-01,7.8678E-03,0,3.0488E-01,3.3875E-03,0,5.1829E-01,1.7276E-03
2012-09-27 06:00:57.233,0,3.0488E-02,1.2098E-01,0,3.0488E-02,9.3809E-02,0,1.2195E-01,2.6283E-02,0,1.8293E-01,1.1802E-02,0,3.9634E-01,4.4038E-03,0,2.7439E-01,9.1463E-04
2012-09-27 06:01:30.000,0,9.1463E-02,3.6295E-01,0,0.0,0.0,0,3.0488E-02,6.5707E-03,0,1.5244E-01,9.8348E-03,0,3.0488E-01,3.3875E-03,0,6.4024E-01,2.1342E-03
2012-09-27 06:02:02.767,0,1.5244E-01,6.0492E-01,0,0.0,0.0,0,1.5244E-01,3.2853E-02,0,1.2195E-01,7.8678E-03,0,2.4390E-01,2.7100E-03,0,6.0976E-01,2.0325E-03
2012-09-27 06:02:35.537,0,1.5244E-01,6.0492E-01,0,6.0976E-02,1.8762E-01,0,9.1463E-02,1.9712E-02,0,1.5244E-01,9.8348E-03,0,4.2683E-01,4.7426E-03,0,6.0976E-01,2.0325E-03
2012-09-27 06:03:08.303,0,3.0488E-02,1.2098E-01,0,0.0,0.0,0,1.5244E-01,3.2853E-02,0,2.1342E-01,1.3769E-02,0,4.8780E-01,5.4200E-03,0,6.7073E-01,2.2358E-03
2012-09-27 06:03:41.070,0,1.5244E-01,6.0492E-01,0,3.0488E-02,9.3809E-02,0,3.0488E-02,6.5707E-03,0,1.8293E-01,1.1802E-02,0,4.8780E-01,5.4200E-03,0,6.4024E-01,2.1342E-03
2012-09-27 06:04:13.837,0,9.1463E-02,3.6295E-01,0,3.0488E-02,9.3809E-02,0,1.2195E-01,2.6283E-02,0,3.0488E-01,1.9670E-02,0,2.4390E-01,2.7100E-03,0,6.4024E-01,2.1342E-03
2012-09-27 06:04:46.607,0,0.0,0.0,0,6.0976E-02,1.8762E-01,0,9.1463E-02,1.9712E-02,0,1.2195E-01,7.8678E-03,0,3.6585E-01,4.0650E-03,0,4.8780E-01,1.6260E-03
2012-09-27 06:05:19.373,0,0.0,0.0,0,0.0,0.0,0,1.2195E-01,2.6283E-02,0,9.1463E-02,5.9009E-03,0,4.2683E-01,4.7426E-03,0,5.7927E-01,1.9309E-03
2012-09-27 06:05:52.140,0,3.0488E-02,1.2098E-01,0,6.0976E-02,1.8762E-01,0,3.0488E-02,6.5707E-03,0,1.8293E-01,1.1802E-02,0,5.4878E-01,6.0976E-03,0,7.0122E-01,2.3374E-03
2012-09-27 06:06:24.907,0,6.0976E-02,2.4197E-01,0,0.0,0.0,0,6.0976E-02,1.3141E-02,0,2.4390E-01,1.5736E-02,0,4.2683E-01,4.7426E-03,0,6.7073E-01,2.2358E-03
2012-09-27 06:06:57.677,0,3.0488E-02,1.2098E-01,0,3.0488E-02,9.3809E-02,0,0.0,0.0,0,9.1463E-02,5.9009E-03,0,3.9634E-01,4.4038E-03,0,9.9085E-01,3.3029E-03
2012-09-27 06:07:30.443,0,9.1463E-02,3.6295E-01,0,3.0488E-02,9.3809E-02,0,1.2195E-01,2.6283E-02,0,3.9634E-01,2.5570E-02,0,3.3537E-01,3.7263E-03,0,6.7073E-01,2.2358E-03
2012-09-27 06:08:03.210,0,3.0488E-02,1.2098E-01,0,0.0,0.0,0,1.2195E-01,2.6283E-02,0,3.3537E-01,2.1636E-02,0,2.4390E-01,2.7100E-03,0,3.6585E-01,1.2195E-03
2012-09-27 06:08:35.977,0,1.8293E-01,7.2590E-01,0,0.0,0.0,0,3.0488E-02,6.5707E-03,0,1.8293E-01,1.1802E-02,0,3.9634E-01,4.4038E-03,0,5.4878E-01,1.8293E-03
2012-09-27 06:09:08.747,0,3.0488E-02,1.2098E-01,0,0.0,0.0,0,0.0,0.0,0,2.4390E-01,1.5736E-02,0,3.0488E-01,3.3875E-03,0,6.0976E-01,2.0325E-03
2012-09-27 06:09:41.513,0,6.0976E-02,2.4197E-01,0,0.0,0.0,0,6.0976E-02,1.3141E-02,0,1.8293E-01,1.1802E-02,0,3.3537E-01,3.7263E-03,0,6.0976E-01,2.0325E-03
2012-09-27 06:10:14.280,0,3.0488E-02,1.2098E-01,0,3.0488E-02,9.3809E-02,0,9.1463E-02,1.9712E-02,0,2.1342E-01,1.3769E-02,0,2.7439E-01,3.0488E-03,0,6.7073E-01,2.2358E-03
2012-09-27 06:10:47.047,0,6.0976E-02,2.4197E-01,0,0.0,0.0,0,1.8293E-01,3.9424E-02,0,1.8293E-01,1.1802E-02,0,3.0488E-01,3.3875E-03,0,6.0976E-01,2.0325E-03
2012-09-27 06:11:19.817,0,3.0488E-02,1.2098E-01,0,3.0488E-02,9.3809E-02,0,1.8293E-01,3.9424E-02,0,1.5244E-01,9.8348E-03,0,2.7439E-01,3.0488E-03,0,6.0976E-01,2.0325E-03
2012-09-27 06:11:52.583,0,0.0,0.0,0,0.0,0.0,0,1.8293E-01,3.9424E-02,0,2.4390E-01,1.5736E-02,0,5.7927E-01,6.4363E-03,0,6.4024E-01,2.1342E-03
2012-09-27 06:12:25.350,0,6.0976E-02,2.4197E-01,0,0.0,0.0,0,9.1463E-02,1.9712E-02,0,2.7439E-01,1.7703E-02,0,3.9634E-01,4.4038E-03,0,5.4878E-01,1.8293E-03
2012-09-27 06:12:58.117,0,6.0976E-02,2.4197E-01,0,0.0,0.0,0,1.2195E-01,2.6283E-02,0,2.7439E-01,1.7703E-02,0,4.8780E-01,5.4200E-03,0,2.1342E-01,7.1138E-04
2012-09-27 06:13:30.887,0,6.0976E-02,2.4197E-01,0,0.0,0.0,0,1.5244E-01,3.2853E-02,0,1.5244E-01,9.8348E-03,0,4.8780E-01,5.4200E-03,0,6.4024E-01,2.1342E-03
2012-09-27 06:14:03.653,0,6.0976E-02,2.4197E-01,0,0.0,0.0,0,9.1463E-02,1.9712E-02,0,1.2195E-01,7.8678E-03,0,2.1342E-01,2.3713E-03,0,6.4024E-01,2.1342E-03
2012-09-27 06:14:36.420,0,6.0976E-02,2.4197E-01,0,3.0488E-02,9.3809E-02,0,6.0976E-02,1.3141E-02,0,2.4390E-01,1.5736E-02,0,4.2683E-01,4.7426E-03,0,4.8780E-01,1.6260E-03
2012-09-27 06:15:09.187,0,9.1463E-02,3.6295E-01,0,3.0488E-02,9.3809E-02,0,9.1463E-02,1.9712E-02,0,2.7439E-01,1.7703E-02,0,2.1342E-01,2.3713E-03,0,6.4024E-01,2.1342E-03
2012-09-27 06:15:41.957,0,6.0976E-02,2.4197E-01,0,3.0488E-02,9.3809E-02,0,6.0976E-02,1.3141E-02,0,1.8293E-01,1.1802E-02,0,3.6585E-01,4.0650E-03,0,6.7073E-01,2.2358E-03
2012-09-27 06:16:14.723,0,0.0,0.0,0,0.0,0.0,0,0.0,0.0,0,2.1342E-01,1.3769E-02,0,4.8780E-01,5.4200E-03,0,6.4024E-01,2.1342E-03
2012-09-27 06:16:47.490,0,9.1463E-02,3.6295E-01,0,0.0,0.0,0,1.8293E-01,3.9424E-02,0,1.2195E-01,7.8678E-03,0,3.0488E-01,3.3875E-03,0,7.3171E-01,2.4390E-03
2012-09-27 06:17:20.257,0,0.0,0.0,0,3.0488E-02,9.3809E-02,0,1.2195E-01,2.6283E-02,0,2.4390E-01,1.5736E-02,0,3.0488E-01,3.3875E-03,0,9.1463E-01,3.0488E-03
2012-09-27 06:17:53.027,0,3.0488E-02,1.2098E-01,0,0.0,0.0,0,3.0488E-02,6.5707E-03,0,2.1342E-01,1.3769E-02,0,2.4390E-01,2.7100E-03,0,4.5732E-01,1.5244E-03
2012-09-27 06:18:25.793,0,6.0976E-02,2.4197E-01,0,0.0,0.0,0,1.8293E-01,3.9424E-02,0,2.1342E-01,1.3769E-02,0,4.5732E-01,5.0813E-03,0,6.7073E-01,2.2358E-03
2012-09-27 06:18:58.560,0,6.0976E-02,2.4197E-01,0,6.0976E-02,1.8762E-01,0,1.2195E-01,2.6283E-02,0,2.7439E-01,1.7703E-02,0,2.7439E-01,3.0488E-03,0,5.1829E-01,1.7276E-03
2012-09-27 06:19:31.327,0,6.0976E-02,2.4197E-01,0,0.0,0.0,0,1.2195E-01,2.6283E-02,0,1.5244E-01,9.8348E-03,0,3.6585E-01,4.0650E-03,0,6.7073E-01,2.2358E-03
2012-09-27 06:20:04.097,0,9.1463E-02,3.6295E-01,0,0.0,0.0,0,9.1463E-02,1.9712E-02,0,1.2195E-01,7.8678E-03,0,3.6585E-01,4.0650E-03,0,5.7927E-01,1.9309E-03
2012-09-27 06:20:36.863,0,6.0976E-02,2.4197E-01,0,0.0,0.0,0,0.0,0.0,0,3.0488E-01,1.9670E-02,0,4.8780E-01,5.4200E-03,0,6.7073E-01,2.2358E-03
2012-09-27 06:21:09.630,0,1.2195E-01,4.8393E-01,0,0.0,0.0,0,6.0976E-02,1.3141E-02,0,9.1463E-02,5.9009E-03,0,2.4390E-01,2.7100E-03,0,4.5732E-01,1.5244E-03
2012-09-27 06:21:42.397,0,9.1463E-02,3.6295E-01,0,3.0488E-02,9.3809E-02,0,1.2195E-01,2.6283E-02,0,6.0976E-02,3.9339E-03,0,5.4878E-01,6.0976E-03,0,4.5732E-01,1.5244E-03
2012-09-27 06:22:15.167,0,9.1463E-02,3.6295E-01,0,0.0,0.0,0,1.2195E-01,2.6283E-02,0,9.1463E-02,5.9009E-03,0,3.6585E-01,4.0650E-03,0,5.1829E-01,1.7276E-03
2012-09-27 06:22:47.933,0,3.0488E-02,1.2098E-01,0,0.0,0.0,0,3.0488E-02,6.5707E-03,0,3.3537E-01,2.1636E-02,0,3.9634E-01,4.4038E-03,0,4.8780E-01,1.6260E-03
2012-09-27 06:23:20.700,0,3.0488E-02,1.2098E-01,0,0.0,0.0,0,6.0976E-02,1.3141E-02,0,3.0488E-01,1.9670E-02,0,4.2683E-01,4.7426E-03,0,6.4024E-01,2.1342E-03
2012-09-27 06:23:53.467,0,9.1463E-02,3.6295E-01,0,0.0,0.0,0,9.1463E-02,1.9712E-02,0,4.2683E-01,2.7537E-02,0,4.5732E-01,5.0813E-03,0,7.9268E-01,2.6423E-03
2012-09-27 06:24:26.237,0,6.0976E-02,2.4197E-01,0,3.0488E-02,9.3809E-02,0,9.1463E-02,1.9712E-02,0,1.8293E-01,1.1802E-02,0,4.8780E-01,5.4200E-03,0,5.1829E-01,1.7276E-03
2012-09-27 06:24:59.003,0,6.0976E-02,2.4197E-01,0,6.0976E-02,1.8762E-01,0,1.2195E-01,2.6283E-02,0,1.2195E-01,7.8678E-03,0,4.8780E-01,5.4200E-03,0,5.1829E-01,1.7276E-03
2012-09-27 06:25:31.770,0,6.0976E-02,2.4197E-01,0,0.0,0.0,0,6.0976E-02,1.3141E-02,0,2.4390E-01,1.5736E-02,0,3.9634E-01,4.4038E-03,0,3.6585E-01,1.2195E-03
2012-09-27 06:26:04.537,0,9.1463E-02,3.6295E-01,0,3.0488E-02,9.3809E-02,0,1.2195E-01,2.6283E-02,0,9.1463E-02,5.9009E-03,0,3.6585E-01,4.0650E-03,0,3.9634E-01,1.3211E-03
2012-09-27 06:26:37.307,0,3.0488E-02,1.2098E-01,0,0.0,0.0,0,6.0976E-02,1.3141E-02,0,3.0488E-02,1.9670E-03,0,4.2683E-01,4.7426E-03,0,5.7927E-01,1.9309E-03
2012-09-27 06:27:10.073,0,9.1463E-02,3.6295E-01,0,0.0,0.0,0,6.0976E-02,1.3141E-02,0,2.4390E-01,1.5736E-02,0,4.2683E-01,4.7426E-03,0,6.4024E-01,2.1342E-03
2012-09-27 06:27:42.840,0,6.0976E-02,2.4197E-01,0,3.0488E-02,9.3809E-02,0,6.0976E-02,1.3141E-02,0,1.2195E-01,7.8678E-03,0,3.9634E-01,4.4038E-03,0,5.1829E-01,1.7276E-03
2012-09-27 06:28:15.607,0,0.0,0.0,0,6.0976E-02,1.8762E-01,0,6.0976E-02,1.3141E-02,0,2.1342E-01,1.3769E-02,0,3.9634E-01,4.4038E-03,0,6.0976E-01,2.0325E-03
2012-09-27 06:28:48.377,0,9.1463E-02,3.6295E-01,0,3.0488E-02,9.3809E-02,0,3.0488E-02,6.5707E-03,0,1.5244E-01,9.8348E-03,0,2.1342E-01,2.3713E-03,0,5.1829E-01,1.7276E-03
2012-09-27 06:29:21.143,0,1.2195E-01,4.8393E-01,0,3.0488E-02,9.3809E-02,0,6.0976E-02,1.3141E-02,0,2.4390E-01,1.5736E-02,0,1.2195E-01,1.3550E-03,0,3.6585E-01,1.2195E-03
2012-09-27 06:29:53.910,0,3.0488E-02,1.2098E-01,0,3.0488E-02,9.3809E-02,0,1.2195E-01,2.6283E-02,0,1.2195E-01,7.8678E-03,0,3.0488E-01,3.3875E-03,0,3.9634E-01,1.3211E-03
2012-09-27 06:30:26.677,0,1.5244E-01,6.0492E-01,0,0.0,0.0,0,9.1463E-02,1.9712E-02,0,2.1342E-01,1.3769E-02,0,4.2683E-01,4.7426E-03,0,7.6220E-01,2.5407E-03
2012-09-27 06:30:59.447,0,3.0488E-02,1.2098E-01,0,6.0976E-02,1.8762E-01,0,6.0976E-02,1.3141E-02,0,9.1463E-02,5.9009E-03,0,2.7439E-01,3.0488E-03,0,5.7927E-01,1.9309E-03
2012-09-27 06:31:32.213,0,3.0488E-02,1.2098E-01,0,0.0,0.0,0,3.0488E-02,6.5707E-03,0,2.1342E-01,1.3769E-02,0,4.8780E-01,5.4200E-03,0,4.8780E-01,1.6260E-03
2012-09-27 06:32:04.980,0,3.0488E-02,1.2098E-01,0,0.0,0.0,0,1.2195E-01,2.6283E-02,0,1.8293E-01,1.1802E-02,0,2.4390E-01,2.7100E-03,0,8.2317E-01,2.7439E-03
2012-09-27 06:32:37.747,0,3.0488E-02,1.2098E-01,0,3.0488E-02,9.3809E-02,0,1.2195E-01,2.6283E-02,0,1.2195E-01,7.8678E-03,0,4.8780E-01,5.4200E-03,0,4.5732E-01,1.5244E-03
2012-09-27 06:33:10.517,0,6.0976E-02,2.4197E-01,0,3.0488E-02,9.3809E-02,0,6.0976E-02,1.3141E-02,0,2.1342E-01,1.3769E-02,0,3.6585E-01,4.0650E-03,0,4.5732E-01,1.5244E-03
2012-09-27 06:33:43.283,0,6.0976E-02,2.4197E-01,0,3.0488E-02,9.3809E-02,0,1.8293E-01,3.9424E-02,0,1.8293E-01,1.1802E-02,0,3.6585E-01,4.0650E-03,0,3.3537E-01,1.1179E-03
2012-09-27 06:34:16.050,0,6.0976E-02,2.4197E-01,0,0.0,0.0,0,9.1463E-02,1.9712E-02,0,9.1463E-02,5.9009E-03,0,3.3537E-01,3.7263E-03,0,6.4024E-01,2.1342E-03
2012-09-27 06:34:48.817,0,3.0488E-02,1.2098E-01,0,3.0488E-02,9.3809E-02,0,9.1463E-02,1.9712E-02,0,2.7439E-01,1.7703E-02,0,4.8780E-01,5.4200E-03,0,5.4878E-01,1.8293E-03
2012-09-27 06:35:21.587,0,0.0,0.0,0,9.1463E-02,2.8143E-01,0,1.5244E-01,3.2853E-02,0,3.0488E-01,1.9670E-02,0,4.8780E-01,5.4200E-03,0,6.0976E-01,2.0325E-03
2012-09-27 06:35:54.353,0,3.0488E-02,1.2098E-01,0,0.0,0.0,0,9.1463E-02,1.9712E-02,0,1.5244E-01,9.8348E-03,0,3.9634E-01,4.4038E-03,0,6.0976E-01,2.0325E-03
2012-09-27 06:36:27.120,0,6.0976E-02,2.4197E-01,0,3.0488E-02,9.3809E-02,0,6.0976E-02,1.3141E-02,0,1.8293E-01,1.1802E-02,0,3.9634E-01,4.4038E-03,0,5.1829E-01,1.7276E-03
2012-09-27 06:36:59.887,0,1.5244E-01,6.0492E-01,0,6.0976E-02,1.8762E-01,0,1.2195E-01,2.6283E-02,0,1.8293E-01,1.1802E-02,0,3.0488E-01,3.3875E-03,0,5.7927E-01,1.9309E-03
2012-09-27 06:37:32.657,0,3.0488E-02,1.2098E-01,0,0.0,0.0,0,9.1463E-02,1.9712E-02,0,9.1463E-02,5.9009E-03,0,4.2683E-01,4.7426E-03,0,5.4878E-01,1.8293E-03
2012-09-27 06:38:05.423,0,6.0976E-02,2.4197E-01,0,3.0488E-02,9.3809E-02,0,1.5244E-01,3.2853E-02,0,9.1463E-02,5.9009E-03,0,3.3537E-01,3.7263E-03,0,4.5732E-01,1.5244E-03
2012-09-27 06:38:38.190,0,0.0,0.0,0,0.0,0.0,0,9.1463E-02,1.9712E-02,0,1.5244E-01,9.8348E-03,0,2.1342E-01,2.3713E-03,0,4.5732E-01,1.5244E-03
2012-09-27 06:39:10.960,0,0.0,0.0,0,6.0976E-02,1.8762E-01,0,6.0976E-02,1.3141E-02,0,2.1342E-01,1.3769E-02,0,3.0488E-01,3.3875E-03,0,5.4878E-01,1.8293E-03
2012-09-27 06:39:43.727,0,3.0488E-02,1.2098E-01,0,9.1463E-02,2.8143E-01,0,1.2195E-01,2.6283E-02,0,1.5244E-01,9.8348E-03,0,5.4878E-01,6.0976E-03,0,5.4878E-01,1.8293E-03
2012-09-27 06:40:16.493,0,6.0976E-02,2.4197E-01,0,0.0,0.0,0,1.5244E-01,3.2853E-02,0,2.4390E-01,1.5736E-02,0,4.2683E-01,4.7426E-03,0,6.4024E-01,2.1342E-03
2012-09-27 06:40:49.260,0,0.0,0.0,0,0.0,0.0,0,2.1342E-01,4.5994E-02,0,1.8293E-01,1.1802E-02,0,2.1342E-01,2.3713E-03,0,7.3171E-01,2.4390E-03
2012-09-27 06:41:22.030,0,3.0488E-02,1.2098E-01,0,3.0488E-02,9.3809E-02,0,3.0488E-02,6.5707E-03,0,1.8293E-01,1.1802E-02,0,3.0488E-01,3.3875E-03,0,5.4878E-01,1.8293E-03
2012-09-27 06:41:54.797,0,6.0976E-02,2.4197E-01,0,0.0,0.0,0,6.0976E-02,1.3141E-02,0,1.8293E-01,1.1802E-02,0,3.9634E-01,4.4038E-03,0,7.6220E-01,2.5407E-03
2012-09-27 06:42:27.563,0,6.0976E-02,2.4197E-01,0,0.0,0.0,0,6.0976E-02,1.3141E-02,0,2.1342E-01,1.3769E-02,0,1.5244E-01,1.6938E-03,0,8.2317E-01,2.7439E-03
2012-09-27 06:43:00.330,0,6.0976E-02,2.4197E-01,0,0.0,0.0,0,9.1463E-02,1.9712E-02,0,9.1463E-02,5.9009E-03,0,4.5732E-01,5.0813E-03,0,9.1463E-01,3.0488E-03
2012-09-27 06:43:33.100,0,0.0,0.0,0,3.0488E-02,9.3809E-02,0,6.0976E-02,1.3141E-02,0,0.0,0.0,0,3.9634E-01,4.4038E-03,0,6.0976E-01,2.0325E-03
2012-09-27 06:44:05.867,0,3.0488E-02,1.2098E-01,0,3.0488E-02,9.3809E-02,0,3.0488E-02,6.5707E-03,0,1.5244E-01,9.8348E-03,0,3.6585E-01,4.0650E-03,0,4.8780E-01,1.6260E-03
2012-09-27 06:44:38.633,0,3.0488E-02,1.2098E-01,0,0.0,0.0,0,1.8293E-01,3.9424E-02,0,2.4390E-01,1.5736E-02,0,3.6585E-01,4.0650E-03,0,5.7927E-01,1.9309E-03
2012-09-27 06:45:11.400,0,6.0976E-02,2.4197E-01,0,0.0,0.0,0,3.0488E-02,6.5707E-03,0,2.1342E-01,1.3769E-02,0,5.4878E-01,6.0976E-03,0,7.3171E-01,2.4390E-03
2012-09-27 06:45:44.170,0,3.0488E-02,1.2098E-01,0,0.0,0.0,0,6.0976E-02,1.3141E-02,0,3.0488E-01,1.9670E-02,0,2.4390E-01,2.7100E-03,0,5.1829E-01,1.7276E-03
2012-09-27 06:46:16.937,0,6.0976E-02,2.4197E-01,0,0.0,0.0,0,6.0976E-02,1.3141E-02,0,1.8293E-01,1.1802E-02,0,5.7927E-01,6.4363E-03,0,5.1829E-01,1.7276E-03
2012-09-27 06:46:49.703,0,6.0976E-02,2.4197E-01,0,3.0488E-02,9.3809E-02,0,6.0976E-02,1.3141E-02,0,2.7439E-01,1.7703E-02,0,5.1829E-01,5.7588E-03,0,5.4878E-01,1.8293E-03
2012-09-27 06:47:22.470,0,6.0976E-02,2.4197E-01,0,3.0488E-02,9.3809E-02,0,0.0,0.0,0,1.2195E-01,7.8678E-03,0,4.8780E-01,5.4200E-03,0,4.5732E-01,1.5244E-03
2012-09-27 06:47:55.240,0,3.0488E-02,1.2098E-01,0,3.0488E-02,9.3809E-02,0,6.0976E-02,1.3141E-02,0,3.0488E-01,1.9670E-02,0,4.2683E-01,4.7426E-03,0,4.8780E-01,1.6260E-03
2012-09-27 06:48:28.007,0,9.1463E-02,3.6295E-01,0,3.0488E-02,9.3809E-02,0,6.0976E-02,1.3141E-02,0,1.5244E-01,9.8348E-03,0,6.7073E-01,7.4526E-03,0,6.7073E-01,2.2358E-03
2012-09-27 06:49:00.773,0,0.0,0.0,0,0.0,0.0,0,6.0976E-02,1.3141E-02,0,1.5244E-01,9.8348E-03,0,3.0488E-01,3.3875E-03,0,6.0976E-01,2.0325E-03
2012-09-27 06:49:33.540,0,3.0488E-02,1.2098E-01,0,0.0,0.0,0,1.5244E-01,3.2853E-02,0,1.5244E-01,9.8348E-03,0,4.5732E-01,5.0813E-03,0,3.9634E-01,1.3211E-03
2012-09-27 06:50:06.310,0,3.0488E-02,1.2098E-01,0,3.0488E-02,9.3809E-02,0,3.0488E-02,6.5707E-03,0,1.8293E-01,1.1802E-02,0,1.5244E-01,1.6938E-03,0,8.8415E-01,2.9471E-03
2012-09-27 06:50:39.077,0,9.1463E-02,3.6295E-01,0,3.0488E-02,9.3809E-02,0,1.5244E-01,3.2853E-02,0,2.7439E-01,1.7703E-02,0,2.7439E-01,3.0488E-03,0,5.4878E-01,1.8293E-03
2012-09-27 06:51:11.843,0,6.0976E-02,2.4197E-01,0,3.0488E-02,9.3809E-02,0,3.0488E-02,6.5707E-03,0,2.4390E-01,1.5736E-02,0,2.1342E-01,2.3713E-03,0,5.4878E-01,1.8293E-03
2012-09-27 06:51:44.610,0,3.0488E-02,1.2098E-01,0,3.0488E-02,9.3809E-02,0,9.1463E-02,1.9712E-02,0,1.5244E-01,9.8348E-03,0,3.3537E-01,3.7263E-03,0,5.4878E-01,1.8293E-03
2012-09-27 06:52:17.380,0,3.0488E-02,1.2098E-01,0,0.0,0.0,0,9.1463E-02,1.9712E-02,0,1.2195E-01,7.8678E-03,0,3.3537E-01,3.7263E-03,0,5.4878E-01,1.8293E-03
2012-09-27 06:52:50.147,0,6.0976E-02,2.4197E-01,0,0.0,0.0,0,6.0976E-02,1.3141E-02,0,1.2195E-01,7.8678E-03,0,2.1342E-01,2.3713E-03,0,4.5732E-01,1.5244E-03
2012-09-27 06:53:22.913,0,6.0976E-02,2.4197E-01,0,3.0488E-02,9.3809E-02,0,3.0488E-02,6.5707E-03,0,1.5244E-01,9.8348E-03,0,2.4390E-01,2.7100E-03,0,7.0122E-01,2.3374E-03
2012-09-27 06:53:55.683,0,6.0976E-02,2.4197E-01,0,3.0488E-02,9.3809E-02,0,3.0488E-02,6.5707E-03,0,1.2195E-01,7.8678E-03,0,3.6585E-01,4.0650E-03,0,5.1829E-01,1.7276E-03
2012-09-27 06:54:28.450,0,6.0976E-02,2.4197E-01,0,0.0,0.0,0,6.0976E-02,1.3141E-02,0,1.2195E-01,7.8678E-03,0,2.1342E-01,2.3713E-03,0,8.8415E-01,2.9471E-03
2012-09-27 06:55:01.217,0,9.1463E-02,3.6295E-01,0,3.0488E-02,9.3809E-02,0,6.0976E-02,1.3141E-02,0,2.1342E-01,1.3769E-02,0,4.5732E-01,5.0813E-03,0,4.2683E-01,1.4228E-03
2012-09-27 06:55:33.983,0,3.0488E-02,1.2098E-01,0,3.0488E-02,9.3809E-02,0,3.0488E-02,6.5707E-03,0,1.5244E-01,9.8348E-03,0,4.5732E-01,5.0813E-03,0,6.0976E-01,2.0325E-03
2012-09-27 06:56:06.753,0,3.0488E-02,1.2098E-01,0,0.0,0.0,0,1.5244E-01,3.2853E-02,0,1.2195E-01,7.8678E-03,0,4.2683E-01,4.7426E-03,0,6.7073E-01,2.2358E-03
2012-09-27 06:56:39.520,0,3.0488E-02,1.2098E-01,0,0.0,0.0,0,9.1463E-02,1.9712E-02,0,1.5244E-01,9.8348E-03,0,2.7439E-01,3.0488E-03,0,7.9268E-01,2.6423E-03
2012-09-27 06:57:12.287,0,0.0,0.0,0,0.0,0.0,0,6.0976E-02,1.3141E-02,0,3.3537E-01,2.1636E-02,0,4.8780E-01,5.4200E-03,0,6.7073E-01,2.2358E-03
2012-09-27 06:57:45.053,0,3.0488E-02,1.2098E-01,0,3.0488E-02,9.3809E-02,0,1.5244E-01,3.2853E-02,0,1.5244E-01,9.8348E-03,0,3.6585E-01,4.0650E-03,0,5.1829E-01,1.7276E-03
2012-09-27 06:58:17.823,0,0.0,0.0,0,0.0,0.0,0,6.0976E-02,1.3141E-02,0,1.5244E-01,9.8348E-03,0,3.3537E-01,3.7263E-03,0,7.3171E-01,2.4390E-03
2012-09-27 06:58:50.590,0,6.0976E-02,2.4197E-01,0,3.0488E-02,9.3809E-02,0,6.0976E-02,1.3141E-02,0,3.0488E-01,1.9670E-02,0,2.4390E-01,2.7100E-03,0,6.0976E-01,2.0325E-03
2012-09-27 06:59:23.357,0,9.1463E-02,3.6295E-01,0,3.0488E-02,9.3809E-02,0,1.8293E-01,3.9424E-02,0,1.2195E-01,7.8678E-03,0,2.7439E-01,3.0488E-03,0,4.2683E-01,1.4228E-03
2012-09-27 06:59:56.123,0,6.0976E-02,2.4197E-01,0,0.0,0.0,0,3.0488E-02,6.5707E-03,0,1.8293E-01,1.1802E-02,0,4.5732E-01,5.0813E-03,0,9.1463E-01,3.0488E-03
2012-09-27 07:00:28.893,0,0.0,0.0,0,0.0,0.0,0,6.0976E-02,1.3141E-02,0,2.4390E-01,1.5736E-02,0,3.9634E-01,4.4038E-03,0,7.6220E-01,2.5407E-03
2012-09-27 07:01:01.660,0,3.0488E-02,1.2098E-01,0,0.0,0.0,0,1.2195E-01,2.6283E-02,0,3.6585E-01,2.3604E-02,0,4.8780E-01,5.4200E-03,0,4.8780E-01,1.6260E-03
2012-09-27 07:01:34.427,0,6.0976E-02,2.4197E-01,0,3.0488E-02,9.3809E-02,0,3.0488E-02,6.5707E-03,0,3.0488E-01,1.9670E-02,0,3.0488E-01,3.3875E-03,0,3.9634E-01,1.3211E-03
2012-09-27 07:02:07.193,0,6.0976E-02,2.4197E-01,0,3.0488E-02,9.3809E-02,0,6.0976E-02,1.3141E-02,0,2.1342E-01,1.3769E-02,0,3.3537E-01,3.7263E-03,0,7.0122E-01,2.3374E-03
2012-09-27 07:02:39.963,0,1.2195E-01,4.8393E-01,0,0.0,0.0,0,6.0976E-02,1.3141E-02,0,3.3537E-01,2.1636E-02,0,3.3537E-01,3.7263E-03,0,7.9268E-01,2.6423E-03
2012-09-27 07:03:12.730,0,3.0488E-02,1.2098E-01,0,3.0488E-02,9.3809E-02,0,9.1463E-02,1.9712E-02,0,1.8293E-01,1.1802E-02,0,2.4390E-01,2.7100E-03,0,4.5732E-01,1.5244E-03
2012-09-27 07:03:45.497,0,9.1463E-02,3.6295E-01,0,3.0488E-02,9.3809E-02,0,6.0976E-02,1.3141E-02,0,9.1463E-02,5.9009E-03,0,3.0488E-01,3.3875E-03,0,5.7927E-01,1.9309E-03
2012-09-27 07:04:18.267,0,3.0488E-02,1.2098E-01,0,0.0,0.0,0,9.1463E-02,1.9712E-02,0,1.2195E-01,7.8678E-03,0,4.2683E-01,4.7426E-03,0,5.1829E-01,1.7276E-03
2012-09-27 07:04:51.033,0,6.0976E-02,2.4197E-01,0,3.0488E-02,9.3809E-02,0,6.0976E-02,1.3141E-02,0,1.5244E-01,9.8348E-03,0,2.4390E-01,2.7100E-03,0,4.5732E-01,1.5244E-03
2012-09-27 07:05:23.800,0,3.0488E-02,1.2098E-01,0,3.0488E-02,9.3809E-02,0,3.0488E-02,6.5707E-03,0,1.2195E-01,7.8678E-03,0,3.6585E-01,4.0650E-03,0,5.7927E-01,1.9309E-03
2012-09-27 07:05:56.567,0,3.0488E-02,1.2098E-01,0,3.0488E-02,9.3809E-02,0,3.0488E-02,6.5707E-03,0,1.8293E-01,1.1802E-02,0,5.4878E-01,6.0976E-03,0,6.4024E-01,2.1342E-03
2012-09-27 07:06:29.337,0,3.0488E-02,1.2098E-01,0,6.0976E-02,1.8762E-01,0,1.5244E-01,3.2853E-02,0,9.1463E-02,5.9009E-03,0,3.3537E-01,3.7263E-03,0,6.7073E-01,2.2358E-03
2012-09-27 07:07:02.103,0,3.0488E-02,1.2098E-01,0,3.0488E-02,9.3809E-02,0,2.7439E-01,5.9136E-02,0,1.8293E-01,1.1802E-02,0,5.1829E-01,5.7588E-03,0,5.7927E-01,1.9309E-03
2012-09-27 07:07:34.870,0,3.0488E-02,1.2098E-01,0,3.0488E-02,9.3809E-02,0,3.0488E-02,6.5707E-03,0,2.1342E-01,1.3769E-02,0,3.9634E-01,4.4038E-03,0,5.1829E-01,1.7276E-03
2012-09-27 07:08:07.637,0,3.0488E-02,1.2098E-01,0,0.0,0.0,0,9.1463E-02,1.9712E-02,0,1.8293E-01,1.1802E-02,0,1.8293E-01,2.0325E-03,0,6.4024E-01,2.1342E-03
2012-09-27 07:08:40.407,0,3.0488E-02,1.2098E-01,0,3.0488E-02,9.3809E-02,0,3.0488E-02,6.5707E-03,0,1.8293E-01,1.1802E-02,0,3.6585E-01,4.0650E-03,0,2.1342E-01,7.1138E-04
2012-09-27 07:09:13.173,0,9.1463E-02,3.6295E-01,0,0.0,0.0,0,9.1463E-02,1.9712E-02,0,2.7439E-01,1.7703E-02,0,1.5244E-01,1.6938E-03,0,7.3171E-01,2.4390E-03
2012-09-27 07:09:45.940,0,1.5244E-01,6.0492E-01,0,3.0488E-02,9.3809E-02,0,9.1463E-02,1.9712E-02,0,2.1342E-01,1.3769E-02,0,3.3537E-01,3.7263E-03,0,5.4878E-01,1.8293E-03
2012-09-27 07:10:18.707,0,1.2195E-01,4.8393E-01,0,3.0488E-02,9.3809E-02,0,1.2195E-01,2.6283E-02,0,2.4390E-01,1.5736E-02,0,5.4878E-01,6.0976E-03,0,6.0976E-01,2.0325E-03
2012-09-27 07:10:51.477,0,9.1463E-02,3.6295E-01,0,0.0,0.0,0,1.5244E-01,3.2853E-02,0,2.1342E-01,1.3769E-02,0,3.3537E-01,3.7263E-03,0,4.8780E-01,1.6260E-03
2012-09-27 07:11:24.243,0,3.0488E-02,1.2098E-01,0,0.0,0.0,0,3.0488E-02,6.5707E-03,0,1.2195E-01,7.8678E-03,0,4.5732E-01,5.0813E-03,0,6.4024E-01,2.1342E-03
2012-09-27 07:11:57.010,0,0.0,0.0,0,0.0,0.0,0,3.0488E-02,6.5707E-03,0,1.5244E-01,9.8348E-03,0,3.0488E-01,3.3875E-03,0,5.7927E-01,1.9309E-03
2012-09-27 07:12:29.777,0,6.0976E-02,2.4197E-01,0,3.0488E-02,9.3809E-02,0,1.2195E-01,2.6283E-02,0,1.2195E-01,7.8678E-03,0,3.0488E-01,3.3875E-03,0,4.5732E-01,1.5244E-03
2012-09-27 07:13:02.547,0,3.0488E-02,1.2098E-01,0,6.0976E-02,1.8762E-01,0,9.1463E-02,1.9712E-02,0,3.0488E-01,1.9670E-02,0,2.7439E-01,3.0488E-03,0,6.7073E-01,2.2358E-03
2012-09-27 07:13:35.313,0,0.0,0.0,0,3.0488E-02,9.3809E-02,0,9.1463E-02,1.9712E-02,0,9.1463E-02,5.9009E-03,0,4.2683E-01,4.7426E-03,0,6.4024E-01,2.1342E-03
2012-09-27 07:14:08.080,0,6.0976E-02,2.4197E-01,0,0.0,0.0,0,1.5244E-01,3.2853E-02,0,2.4390E-01,1.5736E-02,0,3.0488E-01,3.3875E-03,0,6.4024E-01,2.1342E-03
2012-09-27 07:14:40.847,0,0.0,0.0,0,0.0,0.0,0,9.1463E-02,1.9712E-02,0,3.0488E-01,1.9670E-02,0,4.2683E-01,4.7426E-03,0,6.0976E-01,2.0325E-03
2012-09-27 07:15:13.617,0,6.0976E-02,2.4197E-01,0,0.0,0.0,0,3.0488E-02,6.5707E-03,0,1.5244E-01,9.8348E-03,0,3.3537E-01,3.7263E-03,0,4.8780E-01,1.6260E-03
2012-09-27 07:15:46.383,0,0.0,0.0,0,0.0,0.0,0,6.0976E-02,1.3141E-02,0,1.2195E-01,7.8678E-03,0,2.1342E-01,2.3713E-03,0,4.8780E-01,1.6260E-03
2012-09-27 07:16:19.150,0,6.0976E-02,2.4197E-01,0,0.0,0.0,0,1.2195E-01,2.6283E-02,0,2.4390E-01,1.5736E-02,0,4.8780E-01,5.4200E-03,0,5.4878E-01,1.8293E-03
2012-09-27 07:16:51.917,0,3.0488E-02,1.2098E-01,0,0.0,0.0,0,1.2195E-01,2.6283E-02,0,1.8293E-01,1.1802E-02,0,3.3537E-01,3.7263E-03,0,3.6585E-01,1.2195E-03
2012-09-27 07:17:24.687,0,1.2195E-01,4.8393E-01,0,3.0488E-02,9.3809E-02,0,3.0488E-02,6.5707E-03,0,1.2195E-01,7.8678E-03,0,3.3537E-01,3.7263E-03,0,6.7073E-01,2.2358E-03
2012-09-27 07:17:57.453,0,0.0,0.0,0,3.0488E-02,9.3809E-02,0,3.0488E-02,6.5707E-03,0,1.5244E-01,9.8348E-03,0,3.3537E-01,3.7263E-03,0,7.0122E-01,2.3374E-03
2012-09-27 07:18:30.220,0,9.1463E-02,3.6295E-01,0,6.0976E-02,1.8762E-01,0,1.2195E-01,2.6283E-02,0,6.0976E-02,3.9339E-03,0,3.0488E-01,3.3875E-03,0,5.7927E-01,1.9309E-03
2012-09-27 07:19:02.987,0,3.0488E-02,1.2098E-01,0,3.0488E-02,9.3809E-02,0,1.5244E-01,3.2853E-02,0,3.9634E-01,2.5570E-02,0,2.7439E-01,3.0488E-03,0,6.4024E-01,2.1342E-03
2012-09-27 07:19:35.757,0,6.0976E-02,2.4197E-01,0,0.0,0.0,0,9.1463E-02,1.9712E-02,0,1.2195E-01,7.8678E-03,0,6.7073E-01,7.4526E-03,0,3.3537E-01,1.1179E-03
2012-09-27 07:20:08.523,0,6.0976E-02,2.4197E-01,0,0.0,0.0,0,0.0,0.0,0,6.0976E-02,3.9339E-03,0,3.9634E-01,4.4038E-03,0,3.9634E-01,1.3211E-03
2012-09-27 07:20:41.290,0,9.1463E-02,3.6295E-01,0,0.0,0.0,0,1.2195E-01,2.6283E-02,0,2.4390E-01,1.5736E-02,0,3.6585E-01,4.0650E-03,0,9.4512E-01,3.1504E-03
2012-09-27 07:21:14.057,0,3.0488E-02,1.2098E-01,0,0.0,0.0,0,3.0488E-02,6.5707E-03,0,2.4390E-01,1.5736E-02,0,3.6585E-01,4.0650E-03,0,6.7073E-01,2.2358E-03
2012-09-27 07:21:46.827,0,6.0976E-02,2.4197E-01,0,0.0,0.0,0,1.5244E-01,3.2853E-02,0,1.2195E-01,7.8678E-03,0,5.1829E-01,5.7588E-03,0,3.9634E-01,1.3211E-03
2012-09-27 07:22:19.593,0,6.0976E-02,2.4197E-01,0,3.0488E-02,9.3809E-02,0,6.0976E-02,1.3141E-02,0,2.1342E-01,1.3769E-02,0,4.8780E-01,5.4200E-03,0,9.1463E-01,3.0488E-03
2012-09-27 07:22:52.360,0,3.0488E-02,1.2098E-01,0,6.0976E-02,1.8762E-01,0,3.0488E-02,6.5707E-03,0,1.8293E-01,1.1802E-02,0,3.0488E-01,3.3875E-03,0,4.8780E-01,1.6260E-03
2012-09-27 07:23:25.127,0,6.0976E-02,2.4197E-01,0,0.0,0.0,0,9.1463E-02,1.9712E-02,0,9.1463E-02,5.9009E-03,0,1.2195E-01,1.3550E-03,0,7.0122E-01,2.3374E-03
2012-09-27 07:23:57.897,0,3.0488E-02,1.2098E-01,0,0.0,0.0,0,2.1342E-01,4.5994E-02,0,1.8293E-01,1.1802E-02,0,3.0488E-01,3.3875E-03,0,6.0976E-01,2.0325E-03
2012-09-27 07:24:30.663,0,9.1463E-02,3.6295E-01,0,0.0,0.0,0,1.5244E-01,3.2853E-02,0,2.4390E-01,1.5736E-02,0,5.4878E-01,6.0976E-03,0,5.7927E-01,1.9309E-03
2012-09-27 07:25:03.430,0,3.0488E-02,1.2098E-01,0,0.0,0.0,0,3.0488E-02,6.5707E-03,0,1.5244E-01,9.8348E-03,0,3.9634E-01,4.4038E-03,0,4.5732E-01,1.5244E-03
2012-09-27 07:25:36.197,0,0.0,0.0,0,6.0976E-02,1.8762E-01,0,6.0976E-02,1.3141E-02,0,2.1342E-01,1.3769E-02,0,3.0488E-01,3.3875E-03,0,5.7927E-01,1.9309E-03
2012-09-27 07:26:08.967,0,3.0488E-02,1.2098E-01,0,6.0976E-02,1.8762E-01,0,9.1463E-02,1.9712E-02,0,9.1463E-02,5.9009E-03,0,3.6585E-01,4.0650E-03,0,4.5732E-01,1.5244E-03
2012-09-27 07:26:41.733,0,6.0976E-02,2.4197E-01,0,0.0,0.0,0,1.2195E-01,2.6283E-02,0,2.7439E-01,1.7703E-02,0,3.6585E-01,4.0650E-03,0,4.5732E-01,1.5244E-03
2012-09-27 07:27:14.500,0,9.1463E-02,3.6295E-01,0,3.0488E-02,9.3809E-02,0,6.0976E-02,1.3141E-02,0,2.7439E-01,1.7703E-02,0,3.0488E-01,3.3875E-03,0,6.4024E-01,2.1342E-03
2012-09-27 07:27:47.267,0,9.1463E-02,3.6295E-01,0,0.0,0.0,0,9.1463E-02,1.9712E-02,0,2.1342E-01,1.3769E-02,0,2.7439E-01,3.0488E-03,0,6.4024E-01,2.1342E-03
2012-09-27 07:28:20.037,0,6.0976E-02,2.4197E-01,0,0.0,0.0,0,9.1463E-02,1.9712E-02,0,1.8293E-01,1.1802E-02,0,4.2683E-01,4.7426E-03,0,6.4024E-01,2.1342E-03
2012-09-27 07:28:52.803,0,0.0,0.0,0,0.0,0.0,0,1.2195E-01,2.6283E-02,0,1.2195E-01,7.8678E-03,0,3.6585E-01,4.0650E-03,0,9.1463E-01,3.0488E-03
2012-09-27 07:29:25.570,0,9.1463E-02,3.6295E-01,0,0.0,0.0,0,9.1463E-02,1.9712E-02,0,3.6585E-01,2.3604E-02,0,1.8293E-01,2.0325E-03,0,4.2683E-01,1.4228E-03
2012-09-27 07:29:58.337,0,3.0488E-02,1.2098E-01,0,0.0,0.0,0,2.4390E-01,5.2565E-02,0,1.8293E-01,1.1802E-02,0,4.5732E-01,5.0813E-03,0,5.7927E-01,1.9309E-03
2012-09-27 07:30:31.107,0,9.1463E-02,3.6295E-01,0,0.0,0.0,0,3.0488E-02,6.5707E-03,0,3.0488E-01,1.9670E-02,0,3.9634E-01,4.4038E-03,0,5.4878E-01,1.8293E-03
2012-09-27 07:31:03.873,0,3.0488E-02,1.2098E-01,0,0.0,0.0,0,3.0488E-02,6.5707E-03,0,1.8293E-01,1.1802E-02,0,3.6585E-01,4.0650E-03,0,7.0122E-01,2.3374E-03
2012-09-27 07:31:36.640,0,6.0976E-02,2.4197E-01,0,3.0488E-02,9.3809E-02,0,1.2195E-01,2.6283E-02,0,1.5244E-01,9.8348E-03,0,3.3537E-01,3.7263E-03,0,7.6220E-01,2.5407E-03
2012-09-27 07:32:09.407,0,6.0976E-02,2.4197E-01,0,3.0488E-02,9.3809E-02,0,6.0976E-02,1.3141E-02,0,2.7439E-01,1.7703E-02,0,4.5732E-01,5.0813E-03,0,6.0976E-01,2.0325E-03
2012-09-27 07:32:42.177,0,1.5244E-01,6.0492E-01,0,0.0,0.0,0,6.0976E-02,1.3141E-02,0,2.1342E-01,1.3769E-02,0,3.6585E-01,4.0650E-03,0,5.4878E-01,1.8293E-03
2012-09-27 07:33:14.943,0,3.0488E-02,1.2098E-01,0,3.0488E-02,9.3809E-02,0,6.0976E-02,1.3141E-02,0,9.1463E-02,5.9009E-03,0,3.0488E-01,3.3875E-03,0,4.8780E-01,1.6260E-03
2012-09-27 07:33:47.710,0,6.0976E-02,2.4197E-01,0,0.0,0.0,0,9.1463E-02,1.9712E-02,0,9.1463E-02,5.9009E-03,0,3.0488E-01,3.3875E-03,0,5.4878E-01,1.8293E-03
2012-09-27 07:34:20.477,0,3.0488E-02,1.2098E-01,0,3.0488E-02,9.3809E-02,0,1.5244E-01,3.2853E-02,0,2.4390E-01,1.5736E-02,0,4.5732E-01,5.0813E-03,0,7.0122E-01,2.3374E-03
2012-09-27 07:34:53.247,0,0.0,0.0,0,0.0,0.0,0,6.0976E-02,1.3141E-02,0,1.2195E-01,7.8678E-03,0,5.4878E-01,6.0976E-03,0,6.7073E-01,2.2358E-03
2012-09-27 07:35:26.013,0,0.0,0.0,0,3.0488E-02,9.3809E-02,0,6.0976E-02,1.3141E-02,0,1.8293E-01,1.1802E-02,0,4.2683E-01,4.7426E-03,0,5.4878E-01,1.8293E-03
2012-09-27 07:35:58.780,0,3.0488E-02,1.2098E-01,0,6.0976E-02,1.8762E-01,0,1.2195E-01,2.6283E-02,0,2.7439E-01,1.7703E-02,0,3.0488E-01,3.3875E-03,0,4.2683E-01,1.4228E-03
2012-09-27 07:36:31.547,0,0.0,0.0,0,6.0976E-02,1.8762E-01,0,9.1463E-02,1.9712E-02,0,2.1342E-01,1.3769E-02,0,3.0488E-01,3.3875E-03,0,4.2683E-01,1.4228E-03
2012-09-27 07:37:04.317,0,9.1463E-02,3.6295E-01,0,0.0,0.0,0,1.2195E-01,2.6283E-02,0,1.5244E-01,9.8348E-03,0,3.3537E-01,3.7263E-03,0,7.0122E-01,2.3374E-03
2012-09-27 07:37:37.083,0,6.0976E-02,2.4197E-01,0,3.0488E-02,9.3809E-02,0,9.1463E-02,1.9712E-02,0,2.1342E-01,1.3769E-02,0,6.0976E-01,6.7751E-03,0,5.1829E-01,1.7276E-03
2012-09-27 07:38:09.850,0,0.0,0.0,0,0.0,0.0,0,3.0488E-02,6.5707E-03,0,1.8293E-01,1.1802E-02,0,4.2683E-01,4.7426E-03,0,5.4878E-01,1.8293E-03
2012-09-27 07:38:42.617,0,9.1463E-02,3.6295E-01,0,3.0488E-02,9.3809E-02,0,1.8293E-01,3.9424E-02,0,2.7439E-01,1.7703E-02,0,2.7439E-01,3.0488E-03,0,6.0976E-01,2.0325E-03
2012-09-27 07:39:15.387,0,3.0488E-02,1.2098E-01,0,3.0488E-02,9.3809E-02,0,2.1342E-01,4.5994E-02,0,2.1342E-01,1.3769E-02,0,4.2683E-01,4.7426E-03,0,5.1829E-01,1.7276E-03
2012-09-27 07:39:48.153,0,6.0976E-02,2.4197E-01,0,0.0,0.0,0,9.1463E-02,1.9712E-02,0,1.5244E-01,9.8348E-03,0,3.9634E-01,4.4038E-03,0,6.7073E-01,2.2358E-03
2012-09-27 07:40:20.920,0,3.0488E-02,1.2098E-01,0,3.0488E-02,9.3809E-02,0,9.1463E-02,1.9712E-02,0,2.1342E-01,1.3769E-02,0,5.1829E-01,5.7588E-03,0,5.1829E-01,1.7276E-03
2012-09-27 07:40:53.690,0,6.0976E-02,2.4197E-01,0,3.0488E-02,9.3809E-02,0,3.0488E-02,6.5707E-03,0,9.1463E-02,5.9009E-03,0,3.3537E-01,3.7263E-03,0,6.0976E-01,2.0325E-03
2012-09-27 07:41:26.457,0,6.0976E-02,2.4197E-01,0,3.0488E-02,9.3809E-02,0,3.0488E-02,6.5707E-03,0,3.3537E-01,2.1636E-02,0,4.2683E-01,4.7426E-03,0,6.0976E-01,2.0325E-03
2012-09-27 07:41:59.223,0,3.0488E-02,1.2098E-01,0,0.0,0.0,0,6.0976E-02,1.3141E-02,0,1.8293E-01,1.1802E-02,0,3.3537E-01,3.7263E-03,0,6.4024E-01,2.1342E-03
2012-09-27 07:42:31.990,0,3.0488E-02,1.2098E-01,0,0.0,0.0,0,9.1463E-02,1.9712E-02,0,2.7439E-01,1.7703E-02,0,3.3537E-01,3.7263E-03,0,5.4878E-01,1.8293E-03
2012-09-27 07:43:04.760,0,6.0976E-02,2.4197E-01,0,0.0,0.0,0,6.0976E-02,1.3141E-02,0,2.7439E-01,1.7703E-02,0,1.8293E-01,2.0325E-03,0,6.0976E-01,2.0325E-03
2012-09-27 07:43:37.527,0,0.0,0.0,0,3.0488E-02,9.3809E-02,0,9.1463E-02,1.9712E-02,0,2.7439E-01,1.7703E-02,0,3.3537E-01,3.7263E-03,0,6.7073E-01,2.2358E-03
2012-09-27 07:44:10.293,0,6.0976E-02,2.4197E-01,0,3.0488E-02,9.3809E-02,0,6.0976E-02,1.3141E-02,0,2.1342E-01,1.3769E-02,0,4.5732E-01,5.0813E-03,0,4.5732E-01,1.5244E-03
2012-09-27 07:44:43.060,0,6.0976E-02,2.4197E-01,0,0.0,0.0,0,1.5244E-01,3.2853E-02,0,9.1463E-02,5.9009E-03,0,4.5732E-01,5.0813E-03,0,5.1829E-01,1.7276E-03
2012-09-27 07:45:15.830,0,3.0488E-02,1.2098E-01,0,0.0,0.0,0,1.2195E-01,2.6283E-02,0,3.0488E-01,1.9670E-02,0,3.9634E-01,4.4038E-03,0,7.0122E-01,2.3374E-03
2012-09-27 07:45:48.597,0,9.1463E-02,3.6295E-01,0,0.0,0.0,0,9.1463E-02,1.9712E-02,0,1.2195E-01,7.8678E-03,0,3.0488E-01,3.3875E-03,0,5.4878E-01,1.8293E-03
2012-09-27 07:46:21.363,0,6.0976E-02,2.4197E-01,0,0.0,0.0,0,6.0976E-02,1.3141E-02,0,1.2195E-01,7.8678E-03,0,3.0488E-01,3.3875E-03,0,5.4878E-01,1.8293E-03
2012-09-27 07:46:54.130,0,6.0976E-02,2.4197E-01,0,3.0488E-02,9.3809E-02,0,9.1463E-02,1.9712E-02,0,2.4390E-01,1.5736E-02,0,2.1342E-01,2.3713E-03,0,5.4878E-01,1.8293E-03
2012-09-27 07:47:26.900,0,3.0488E-02,1.2098E-01,0,3.0488E-02,9.3809E-02,0,9.1463E-02,1.9712E-02,0,1.8293E-01,1.1802E-02,0,4.5732E-01,5.0813E-03,0,5.7927E-01,1.9309E-03
2012-09-27 07:47:59.667,0,3.0488E-02,1.2098E-01,0,3.0488E-02,9.3809E-02,0,3.0488E-02,6.5707E-03,0,3.0488E-01,1.9670E-02,0,4.5732E-01,5.0813E-03,0,6.0976E-01,2.0325E-03
2012-09-27 07:48:32.433,0,1.2195E-01,4.8393E-01,0,6.0976E-02,1.8762E-01,0,6.0976E-02,1.3141E-02,0,2.4390E-01,1.5736E-02,0,4.8780E-01,5.4200E-03,0,6.7073E-01,2.2358E-03
2012-09-27 07:49:05.200,0,6.0976E-02,2.4197E-01,0,0.0,0.0,0,6.0976E-02,1.3141E-02,0,2.1342E-01,1.3769E-02,0,1.8293E-01,2.0325E-03,0,4.2683E-01,1.4228E-03
2012-09-27 07:49:37.970,0,9.1463E-02,3.6295E-01,0,9.1463E-02,2.8143E-01,0,1.2195E-01,2.6283E-02,0,2.7439E-01,1.7703E-02,0,2.7439E-01,3.0488E-03,0,5.1829E-01,1.7276E-03
2012-09-27 07:50:10.737,0,3.0488E-02,1.2098E-01,0,0.0,0.0,0,1.5244E-01,3.2853E-02,0,2.7439E-01,1.7703E-02,0,3.6585E-01,4.0650E-03,0,7.6220E-01,2.5407E-03
2012-09-27 07:50:43.503,0,6.0976E-02,2.4197E-01,0,0.0,0.0,0,1.5244E-01,3.2853E-02,0,2.1342E-01,1.3769E-02,0,5.1829E-01,5.7588E-03,0,5.1829E-01,1.7276E-03
2012-09-27 07:51:16.270,0,3.0488E-02,1.2098E-01,0,0.0,0.0,0,9.1463E-02,1.9712E-02,0,1.5244E-01,9.8348E-03,0,2.4390E-01,2.7100E-03,0,4.8780E-01,1.6260E-03
2012-09-27 07:51:49.040,0,6.0976E-02,2.4197E-01,0,3.0488E-02,9.3809E-02,0,9.1463E-02,1.9712E-02,0,1.2195E-01,7.8678E-03,0,4.8780E-01,5.4200E-03,0,7.3171E-01,2.4390E-03
2012-09-27 07:52:21.807,0,0.0,0.0,0,0.0,0.0,0,9.1463E-02,1.9712E-02,0,1.8293E-01,1.1802E-02,0,3.6585E-01,4.0650E-03,0,8.2317E-01,2.7439E-03
2012-09-27 07:52:54.573,0,9.1463E-02,3.6295E-01,0,0.0,0.0,0,0.0,0.0,0,2.7439E-01,1.7703E-02,0,3.0488E-01,3.3875E-03,0,5.1829E-01,1.7276E-03
2012-09-27 07:53:27.343,0,3.0488E-02,1.2098E-01,0,3.0488E-02,9.3809E-02,0,3.0488E-02,6.5707E-03,0,2.7439E-01,1.7703E-02,0,5.4878E-01,6.0976E-03,0,4.5732E-01,1.5244E-03
2012-09-27 07:54:32.877,0,0.0,0.0,0,9.1463E-02,2.8143E-01,0,6.0976E-02,1.3141E-02,0,1.8293E-01,1.1802E-02,0,3.0488E-01,3.3875E-03,0,5.1829E-01,1.7276E-03
2012-09-27 07:55:05.643,0,6.0976E-02,2.4197E-01,0,0.0,0.0,0,6.0976E-02,1.3141E-02,0,1.2195E-01,7.8678E-03,0,5.1829E-01,5.7588E-03,0,4.8780E-01,1.6260E-03
2012-09-27 07:55:38.413,0,6.0976E-02,2.4197E-01,0,6.0976E-02,1.8762E-01,0,0.0,0.0,0,2.7439E-01,1.7703E-02,0,3.6585E-01,4.0650E-03,0,5.1829E-01,1.7276E-03
2012-09-27 07:56:11.180,0,6.0976E-02,2.4197E-01,0,0.0,0.0,0,0.0,0.0,0,1.8293E-01,1.1802E-02,0,5.1829E-01,5.7588E-03,0,7.3171E-01,2.4390E-03
2012-09-27 07:56:43.947,0,0.0,0.0,0,0.0,0.0,0,3.0488E-02,6.5707E-03,0,2.7439E-01,1.7703E-02,0,5.4878E-01,6.0976E-03,0,4.2683E-01,1.4228E-03
2012-09-27 07:57:16.713,0,3.0488E-02,1.2098E-01,0,0.0,0.0,0,6.0976E-02,1.3141E-02,0,2.7439E-01,1.7703E-02,0,3.9634E-01,4.4038E-03,0,4.5732E-01,1.5244E-03
2012-09-27 07:57:49.483,0,0.0,0.0,0,0.0,0.0,0,9.1463E-02,1.9712E-02,0,9.1463E-02,5.9009E-03,0,2.1342E-01,2.3713E-03,0,4.5732E-01,1.5244E-03
2012-09-27 07:58:22.250,0,9.1463E-02,3.6295E-01,0,3.0488E-02,9.3809E-02,0,6.0976E-02,1.3141E-02,0,1.2195E-01,7.8678E-03,0,3.3537E-01,3.7263E-03,0,5.4878E-01,1.8293E-03
2012-09-27 07:58:55.017,0,9.1463E-02,3.6295E-01,0,3.0488E-02,9.3809E-02,0,9.1463E-02,1.9712E-02,0,1.2195E-01,7.8678E-03,0,3.0488E-01,3.3875E-03,0,4.5732E-01,1.5244E-03
2012-09-27 07:59:27.783,0,9.1463E-02,3.6295E-01,0,9.1463E-02,2.8143E-01,0,3.0488E-02,6.5707E-03,0,2.7439E-01,1.7703E-02,0,3.9634E-01,4.4038E-03,0,5.4878E-01,1.8293E-03
2012-09-27 08:00:00.553,0,6.0976E-02,2.4197E-01,0,3.0488E-02,9.3809E-02,0,3.0488E-02,6.5707E-03,0,2.1342E-01,1.3769E-02,0,4.5732E-01,5.0813E-03,0,4.2683E-01,1.4228E-03
2012-09-27 08:00:33.320,0,6.0976E-02,2.4197E-01,0,0.0,0.0,0,6.0976E-02,1.3141E-02,0,9.1463E-02,5.9009E-03,0,2.1342E-01,2.3713E-03,0,5.4878E-01,1.8293E-03
2012-09-27 08:01:06.087,0,6.0976E-02,2.4197E-01,0,0.0,0.0,0,1.2195E-01,2.6283E-02,0,1.8293E-01,1.1802E-02,0,2.4390E-01,2.7100E-03,0,5.4878E-01,1.8293E-03
2012-09-27 08:01:38.853,0,3.0488E-02,1.2098E-01,0,3.0488E-02,9.3809E-02,0,9.1463E-02,1.9712E-02,0,3.3537E-01,2.1636E-02,0,2.7439E-01,3.0488E-03,0,4.8780E-01,1.6260E-03
2012-09-27 08:02:44.390,0,3.0488E-02,1.2098E-01,0,0.0,0.0,0,1.2195E-01,2.6283E-02,0,1.5244E-01,9.8348E-03,0,4.8780E-01,5.4200E-03,0,6.4024E-01,2.1342E-03
2012-09-27 08:03:17.157,0,3.0488E-02,1.2098E-01,0,0.0,0.0,0,1.2195E-01,2.6283E-02,0,2.1342E-01,1.3769E-02,0,3.6585E-01,4.0650E-03,0,5.4878E-01,1.8293E-03
2012-09-27 08:03:49.923,0,3.0488E-02,1.2098E-01,0,3.0488E-02,9.3809E-02,0,9.1463E-02,1.9712E-02,0,2.7439E-01,1.7703E-02,0,2.7439E-01,3.0488E-03,0,6.0976E-01,2.0325E-03
2012-09-27 08:04:22.693,0,0.0,0.0,0,0.0,0.0,0,2.1342E-01,4.5994E-02,0,1.2195E-01,7.8678E-03,0,3.3537E-01,3.7263E-03,0,7.0122E-01,2.3374E-03
2012-09-27 08:04:55.460,0,3.0488E-02,1.2098E-01,0,3.0488E-02,9.3809E-02,0,3.0488E-02,6.5707E-03,0,1.2195E-01,7.8678E-03,0,3.3537E-01,3.7263E-03,0,5.7927E-01,1.9309E-03
2012-09-27 08:05:28.227,0,3.0488E-02,1.2098E-01,0,3.0488E-02,9.3809E-02,0,9.1463E-02,1.9712E-02,0,1.8293E-01,1.1802E-02,0,4.8780E-01,5.4200E-03,0,7.3171E-01,2.4390E-03
2012-09-27 08:06:00.997,0,3.0488E-02,1.2098E-01,0,0.0,0.0,0,6.0976E-02,1.3141E-02,0,1.8293E-01,1.1802E-02,0,3.6585E-01,4.0650E-03,0,3.6585E-01,1.2195E-03
2012-09-27 08:06:33.763,0,6.0976E-02,2.4197E-01,0,0.0,0.0,0,6.0976E-02,1.3141E-02,0,1.2195E-01,7.8678E-03,0,2.7439E-01,3.0488E-03,0,7.3171E-01,2.4390E-03
2012-09-27 08:07:06.530,0,6.0976E-02,2.4197E-01,0,0.0,0.0,0,1.2195E-01,2.6283E-02,0,2.1342E-01,1.3769E-02,0,5.1829E-01,5.7588E-03,0,5.4878E-01,1.8293E-03
2012-09-27 08:07:39.297,0,0.0,0.0,0,0.0,0.0,0,9.1463E-02,1.9712E-02,0,3.3537E-01,2.1636E-02,0,3.6585E-01,4.0650E-03,0,5.7927E-01,1.9309E-03
2012-09-27 08:08:12.067,0,0.0,0.0,0,3.0488E-02,9.3809E-02,0,9.1463E-02,1.9712E-02,0,1.2195E-01,7.8678E-03,0,5.1829E-01,5.7588E-03,0,4.5732E-01,1.5244E-03
2012-09-27 08:08:44.833,0,0.0,0.0,0,3.0488E-02,9.3809E-02,0,9.1463E-02,1.9712E-02,0,1.8293E-01,1.1802E-02,0,6.0976E-01,6.7751E-03,0,3.9634E-01,1.3211E-03
2012-09-27 08:09:17.600,0,3.0488E-02,1.2098E-01,0,0.0,0.0,0,6.0976E-02,1.3141E-02,0,2.7439E-01,1.7703E-02,0,2.7439E-01,3.0488E-03,0,3.9634E-01,1.3211E-03
2012-09-27 08:09:50.367,0,9.1463E-02,3.6295E-01,0,0.0,0.0,0,6.0976E-02,1.3141E-02,0,1.2195E-01,7.8678E-03,0,3.6585E-01,4.0650E-03,0,7.6220E-01,2.5407E-03
2012-09-27 08:10:23.137,0,9.1463E-02,3.6295E-01,0,0.0,0.0,0,6.0976E-02,1.3141E-02,0,1.5244E-01,9.8348E-03,0,4.5732E-01,5.0813E-03,0,7.9268E-01,2.6423E-03
2012-09-27 08:10:55.903,0,6.0976E-02,2.4197E-01,0,3.0488E-02,9.3809E-02,0,6.0976E-02,1.3141E-02,0,2.1342E-01,1.3769E-02,0,2.1342E-01,2.3713E-03,0,5.7927E-01,1.9309E-03
2012-09-27 08:11:28.670,0,3.0488E-02,1.2098E-01,0,0.0,0.0,0,6.0976E-02,1.3141E-02,0,1.8293E-01,1.1802E-02,0,4.2683E-01,4.7426E-03,0,6.7073E-01,2.2358E-03
2012-09-27 08:12:01.437,0,3.0488E-02,1.2098E-01,0,0.0,0.0,0,3.0488E-02,6.5707E-03,0,1.2195E-01,7.8678E-03,0,5.1829E-01,5.7588E-03,0,6.0976E-01,2.0325E-03
2012-09-27 08:12:34.207,0,3.0488E-02,1.2098E-01,0,0.0,0.0,0,9.1463E-02,1.9712E-02,0,3.0488E-01,1.9670E-02,0,3.0488E-01,3.3875E-03,0,4.2683E-01,1.4228E-03
2012-09-27 08:13:06.973,0,6.0976E-02,2.4197E-01,0,0.0,0.0,0,1.2195E-01,2.6283E-02,0,2.4390E-01,1.5736E-02,0,4.5732E-01,5.0813E-03,0,5.7927E-01,1.9309E-03
2012-09-27 08:13:39.740,0,6.0976E-02,2.4197E-01,0,0.0,0.0,0,1.2195E-01,2.6283E-02,0,1.8293E-01,1.1802E-02,0,4.5732E-01,5.0813E-03,0,3.3537E-01,1.1179E-03
2012-09-27 08:14:12.507,0,9.1463E-02,3.6295E-01,0,0.0,0.0,0,1.2195E-01,2.6283E-02,0,1.2195E-01,7.8678E-03,0,2.7439E-01,3.0488E-03,0,4.8780E-01,1.6260E-03
2012-09-27 08:14:45.277,0,3.0488E-02,1.2098E-01,0,0.0,0.0,0,9.1463E-02,1.9712E-02,0,1.8293E-01,1.1802E-02,0,3.9634E-01,4.4038E-03,0,4.5732E-01,1.5244E-03
2012-09-27 08:15:18.043,0,3.0488E-02,1.2098E-01,0,6.0976E-02,1.8762E-01,0,9.1463E-02,1.9712E-02,0,3.3537E-01,2.1636E-02,0,3.3537E-01,3.7263E-03,0,6.4024E-01,2.1342E-03
2012-09-27 08:15:50.810,0,3.0488E-02,1.2098E-01,0,3.0488E-02,9.3809E-02,0,0.0,0.0,0,1.2195E-01,7.8678E-03,0,4.2683E-01,4.7426E-03,0,5.7927E-01,1.9309E-03
2012-09-27 08:16:23.577,0,1.2195E-01,4.8393E-01,0,0.0,0.0,0,1.2195E-01,2.6283E-02,0,2.7439E-01,1.7703E-02,0,4.5732E-01,5.0813E-03,0,7.6220E-01,2.5407E-03
2012-09-27 08:16:56.347,0,0.0,0.0,0,6.0976E-02,1.8762E-01,0,1.8293E-01,3.9424E-02,0,1.5244E-01,9.8348E-03,0,5.1829E-01,5.7588E-03,0,6.0976E-01,2.0325E-03
2012-09-27 08:17:29.113,0,0.0,0.0,0,0.0,0.0,0,1.2195E-01,2.6283E-02,0,3.0488E-02,1.9670E-03,0,2.7439E-01,3.0488E-03,0,6.4024E-01,2.1342E-03
2012-09-27 08:18:01.880,0,0.0,0.0,0,0.0,0.0,0,6.0976E-02,1.3141E-02,0,1.5244E-01,9.8348E-03,0,4.2683E-01,4.7426E-03,0,5.1829E-01,1.7276E-03
2012-09-27 08:18:34.647,0,6.0976E-02,2.4197E-01,0,0.0,0.0,0,6.0976E-02,1.3141E-02,0,6.0976E-02,3.9339E-03,0,4.5732E-01,5.0813E-03,0,5.7927E-01,1.9309E-03
2012-09-27 08:19:07.417,0,6.0976E-02,2.4197E-01,0,0.0,0.0,0,3.0488E-02,6.5707E-03,0,3.0488E-01,1.9670E-02,0,4.8780E-01,5.4200E-03,0,6.0976E-01,2.0325E-03
2012-09-27 08:19:40.183,0,0.0,0.0,0,0.0,0.0,0,3.0488E-02,6.5707E-03,0,3.0488E-01,1.9670E-02,0,3.6585E-01,4.0650E-03,0,4.8780E-01,1.6260E-03
2012-09-27 08:20:12.950,0,0.0,0.0,0,0.0,0.0,0,3.0488E-02,6.5707E-03,0,1.2195E-01,7.8678E-03,0,1.5244E-01,1.6938E-03,0,7.3171E-01,2.4390E-03
2012-09-27 08:20:45.717,0,6.0976E-02,2.4197E-01,0,0.0,0.0,0,9.1463E-02,1.9712E-02,0,2.4390E-01,1.5736E-02,0,6.0976E-01,6.7751E-03,0,4.5732E-01,1.5244E-03
2012-09-27 08:21:18.487,0,6.0976E-02,2.4197E-01,0,0.0,0.0,0,6.0976E-02,1.3141E-02,0,9.1463E-02,5.9009E-03,0,4.2683E-01,4.7426E-03,0,8.5366E-01,2.8455E-03
2012-09-27 08:21:51.253,0,0.0,0.0,0,0.0,0.0,0,1.5244E-01,3.2853E-02,0,3.3537E-01,2.1636E-02,0,4.2683E-01,4.7426E-03,0,4.8780E-01,1.6260E-03
2012-09-27 08:22:24.020,0,9.1463E-02,3.6295E-01,0,3.0488E-02,9.3809E-02,0,6.0976E-02,1.3141E-02,0,3.0488E-01,1.9670E-02,0,3.9634E-01,4.4038E-03,0,5.1829E-01,1.7276E-03
2012-09-27 08:22:56.787,0,0.0,0.0,0,0.0,0.0,0,3.0488E-02,6.5707E-03,0,9.1463E-02,5.9009E-03,0,6.0976E-01,6.7751E-03,0,5.7927E-01,1.9309E-03
2012-09-27 08:23:29.557,0,6.0976E-02,2.4197E-01,0,3.0488E-02,9.3809E-02,0,1.5244E-01,3.2853E-02,0,2.1342E-01,1.3769E-02,0,3.0488E-01,3.3875E-03,0,5.4878E-01,1.8293E-03
2012-09-27 08:24:02.323,0,3.0488E-02,1.2098E-01,0,3.0488E-02,9.3809E-02,0,9.1463E-02,1.9712E-02,0,1.8293E-01,1.1802E-02,0,4.2683E-01,4.7426E-03,0,5.4878E-01,1.8293E-03
2012-09-27 08:24:35.090,0,0.0,0.0,0,0.0,0.0,0,1.2195E-01,2.6283E-02,0,2.4390E-01,1.5736E-02,0,3.3537E-01,3.7263E-03,0,5.1829E-01,1.7276E-03
2012-09-27 08:25:07.857,0,9.1463E-02,3.6295E-01,0,0.0,0.0,0,1.2195E-01,2.6283E-02,0,3.3537E-01,2.1636E-02,0,2.1342E-01,2.3713E-03,0,4.2683E-01,1.4228E-03
2012-09-27 08:25:40.627,0,6.0976E-02,2.4197E-01,0,9.1463E-02,2.8143E-01,0,3.0488E-02,6.5707E-03,0,2.7439E-01,1.7703E-02,0,2.1342E-01,2.3713E-03,0,7.3171E-01,2.4390E-03
2012-09-27 08:26:13.393,0,6.0976E-02,2.4197E-01,0,0.0,0.0,0,9.1463E-02,1.9712E-02,0,2.7439E-01,1.7703E-02,0,3.0488E-01,3.3875E-03,0,4.5732E-01,1.5244E-03
2012-09-27 08:26:46.160,0,9.1463E-02,3.6295E-01,0,0.0,0.0,0,9.1463E-02,1.9712E-02,0,2.4390E-01,1.5736E-02,0,3.3537E-01,3.7263E-03,0,6.0976E-01,2.0325E-03
2012-09-27 08:27:18.927,0,0.0,0.0,0,0.0,0.0,0,0.0,0.0,0,2.1342E-01,1.3769E-02,0,3.0488E-01,3.3875E-03,0,5.1829E-01,1.7276E-03
2012-09-27 08:27:51.697,0,9.1463E-02,3.6295E-01,0,0.0,0.0,0,1.2195E-01,2.6283E-02,0,1.5244E-01,9.8348E-03,0,3.0488E-01,3.3875E-03,0,5.7927E-01,1.9309E-03
2012-09-27 08:28:24.463,0,3.0488E-02,1.2098E-01,0,0.0,0.0,0,1.5244E-01,3.2853E-02,0,3.6585E-01,2.3604E-02,0,5.7927E-01,6.4363E-03,0,5.7927E-01,1.9309E-03
2012-09-27 08:28:57.230,0,6.0976E-02,2.4197E-01,0,0.0,0.0,0,9.1463E-02,1.9712E-02,0,3.9634E-01,2.5570E-02,0,3.3537E-01,3.7263E-03,0,6.7073E-01,2.2358E-03
2012-09-27 08:29:29.997,0,6.0976E-02,2.4197E-01,0,9.1463E-02,2.8143E-01,0,3.0488E-02,6.5707E-03,0,1.2195E-01,7.8678E-03,0,2.7439E-01,3.0488E-03,0,6.4024E-01,2.1342E-03
2012-09-27 08:30:02.767,0,6.0976E-02,2.4197E-01,0,3.0488E-02,9.3809E-02,0,9.1463E-02,1.9712E-02,0,6.0976E-02,3.9339E-03,0,5.7927E-01,6.4363E-03,0,7.9268E-01,2.6423E-03
2012-09-27 08:30:35.533,0,1.2195E-01,4.8393E-01,0,0.0,0.0,0,9.1463E-02,1.9712E-02,0,9.1463E-02,5.9009E-03,0,3.6585E-01,4.0650E-03,0,6.4024E-01,2.1342E-03
2012-09-27 08:31:08.300,0,6.0976E-02,2.4197E-01,0,3.0488E-02,9.3809E-02,0,9.1463E-02,1.9712E-02,0,1.8293E-01,1.1802E-02,0,4.2683E-01,4.7426E-03,0,5.4878E-01,1.8293E-03
2012-09-27 08:31:41.067,0,0.0,0.0,0,0.0,0.0,0,3.0488E-02,6.5707E-03,0,2.1342E-01,1.3769E-02,0,3.0488E-01,3.3875E-03,0,4.5732E-01,1.5244E-03
2012-09-27 08:32:13.837,0,3.0488E-02,1.2098E-01,0,3.0488E-02,9.3809E-02,0,9.1463E-02,1.9712E-02,0,9.1463E-02,5.9009E-03,0,2.7439E-01,3.0488E-03,0,6.4024E-01,2.1342E-03
2012-09-27 08:32:46.603,0,0.0,0.0,0,0.0,0.0,0,2.1342E-01,4.5994E-02,0,2.4390E-01,1.5736E-02,0,5.7927E-01,6.4363E-03,0,5.7927E-01,1.9309E-03
2012-09-27 08:33:19.370,0,9.1463E-02,3.6295E-01,0,0.0,0.0,0,6.0976E-02,1.3141E-02,0,3.0488E-01,1.9670E-02,0,2.4390E-01,2.7100E-03,0,7.6220E-01,2.5407E-03
2012-09-27 08:33:52.137,0,0.0,0.0,0,3.0488E-02,9.3809E-02,0,9.1463E-02,1.9712E-02,0,3.3537E-01,2.1636E-02,0,2.4390E-01,2.7100E-03,0,4.5732E-01,1.5244E-03
2012-09-27 08:34:24.907,0,3.0488E-02,1.2098E-01,0,3.0488E-02,9.3809E-02,0,1.2195E-01,2.6283E-02,0,9.1463E-02,5.9009E-03,0,3.6585E-01,4.0650E-03,0,6.0976E-01,2.0325E-03
2012-09-27 08:34:57.673,0,6.0976E-02,2.4197E-01,0,0.0,0.0,0,3.0488E-02,6.5707E-03,0,2.4390E-01,1.5736E-02,0,3.0488E-01,3.3875E-03,0,4.2683E-01,1.4228E-03
2012-09-27 08:35:30.440,0,6.0976E-02,2.4197E-01,0,0.0,0.0,0,6.0976E-02,1.3141E-02,0,3.9634E-01,2.5570E-02,0,3.9634E-01,4.4038E-03,0,7.9268E-01,2.6423E-03
2012-09-27 08:36:03.207,0,0.0,0.0,0,0.0,0.0,0,3.0488E-02,6.5707E-03,0,2.1342E-01,1.3769E-02,0,3.0488E-01,3.3875E-03,0,7.9268E-01,2.6423E-03
2012-09-27 08:36:35.977,0,6.0976E-02,2.4197E-01,0,0.0,0.0,0,0.0,0.0,0,2.7439E-01,1.7703E-02,0,3.3537E-01,3.7263E-03,0,6.4024E-01,2.1342E-03
2012-09-27 08:37:08.743,0,6.0976E-02,2.4197E-01,0,9.1463E-02,2.8143E-01,0,3.0488E-02,6.5707E-03,0,1.8293E-01,1.1802E-02,0,3.9634E-01,4.4038E-03,0,6.0976E-01,2.0325E-03
2012-09-27 08:37:41.510,0,0.0,0.0,0,0.0,0.0,0,6.0976E-02,1.3141E-02,0,3.3537E-01,2.1636E-02,0,5.1829E-01,5.7588E-03,0,6.0976E-01,2.0325E-03
2012-09-27 08:38:14.277,0,6.0976E-02,2.4197E-01,0,3.0488E-02,9.3809E-02,0,1.2195E-01,2.6283E-02,0,1.5244E-01,9.8348E-03,0,5.1829E-01,5.7588E-03,0,3.9634E-01,1.3211E-03
2012-09-27 08:38:47.047,0,9.1463E-02,3.6295E-01,0,3.0488E-02,9.3809E-02,0,6.0976E-02,1.3141E-02,0,1.8293E-01,1.1802E-02,0,4.8780E-01,5.4200E-03,0,7.3171E-01,2.4390E-03
2012-09-27 08:39:19.813,0,1.2195E-01,4.8393E-01,0,3.0488E-02,9.3809E-02,0,9.1463E-02,1.9712E-02,0,2.1342E-01,1.3769E-02,0,3.6585E-01,4.0650E-03,0,4.8780E-01,1.6260E-03
2012-09-27 08:39:52.580,0,9.1463E-02,3.6295E-01,0,0.0,0.0,0,3.0488E-02,6.5707E-03,0,1.8293E-01,1.1802E-02,0,3.0488E-01,3.3875E-03,0,4.2683E-01,1.4228E-03
2012-09-27 08:40:25.350,0,3.0488E-02,1.2098E-01,0,3.0488E-02,9.3809E-02,0,3.0488E-02,6.5707E-03,0,1.8293E-01,1.1802E-02,0,3.6585E-01,4.0650E-03,0,6.7073E-01,2.2358E-03
2012-09-27 08:40:58.117,0,3.0488E-02,1.2098E-01,0,3.0488E-02,9.3809E-02,0,9.1463E-02,1.9712E-02,0,2.1342E-01,1.3769E-02,0,6.7073E-01,7.4526E-03,0,4.8780E-01,1.6260E-03
2012-09-27 08:41:30.883,0,6.0976E-02,2.4197E-01,0,3.0488E-02,9.3809E-02,0,9.1463E-02,1.9712E-02,0,1.8293E-01,1.1802E-02,0,1.2195E-01,1.3550E-03,0,7.0122E-01,2.3374E-03
2012-09-27 08:42:03.650,0,3.0488E-02,1.2098E-01,0,3.0488E-02,9.3809E-02,0,6.0976E-02,1.3141E-02,0,2.1342E-01,1.3769E-02,0,4.2683E-01,4.7426E-03,0,5.4878E-01,1.8293E-03
2012-09-27 08:42:36.420,0,1.2195E-01,4.8393E-01,0,0.0,0.0,0,1.2195E-01,2.6283E-02,0,2.4390E-01,1.5736E-02,0,3.0488E-01,3.3875E-03,0,5.1829E-01,1.7276E-03
2012-09-27 08:43:09.187,0,9.1463E-02,3.6295E-01,0,0.0,0.0,0,9.1463E-02,1.9712E-02,0,3.0488E-01,1.9670E-02,0,3.6585E-01,4.0650E-03,0,5.7927E-01,1.9309E-03
2012-09-27 08:43:41.953,0,0.0,0.0,0,0.0,0.0,0,6.0976E-02,1.3141E-02,0,1.8293E-01,1.1802E-02,0,3.9634E-01,4.4038E-03,0,4.5732E-01,1.5244E-03
2012-09-27 08:44:14.720,0,0.0,0.0,0,0.0,0.0,0,6.0976E-02,1.3141E-02,0,1.5244E-01,9.8348E-03,0,3.6585E-01,4.0650E-03,0,5.7927E-01,1.9309E-03
2012-09-27 08:44:47.490,0,0.0,0.0,0,3.0488E-02,9.3809E-02,0,9.1463E-02,1.9712E-02,0,4.2683E-01,2.7537E-02,0,3.3537E-01,3.7263E-03,0,4.8780E-01,1.6260E-03
2012-09-27 08:45:20.257,0,9.1463E-02,3.6295E-01,0,3.0488E-02,9.3809E-02,0,9.1463E-02,1.9712E-02,0,1.8293E-01,1.1802E-02,0,3.6585E-01,4.0650E-03,0,6.4024E-01,2.1342E-03
2012-09-27 08:45:53.023,0,0.0,0.0,0,0.0,0.0,0,1.2195E-01,2.6283E-02,0,1.5244E-01,9.8348E-03,0,4.2683E-01,4.7426E-03,0,5.4878E-01,1.8293E-03
2012-09-27 08:46:25.790,0,0.0,0.0,0,0.0,0.0,0,6.0976E-02,1.3141E-02,0,1.5244E-01,9.8348E-03,0,4.2683E-01,4.7426E-03,0,6.4024E-01,2.1342E-03
2012-09-27 08:46:58.560,0,3.0488E-02,1.2098E-01,0,3.0488E-02,9.3809E-02,0,3.0488E-02,6.5707E-03,0,3.3537E-01,2.1636E-02,0,2.7439E-01,3.0488E-03,0,7.0122E-01,2.3374E-03
2012-09-27 08:47:31.327,0,3.0488E-02,1.2098E-01,0,0.0,0.0,0,6.0976E-02,1.3141E-02,0,1.2195E-01,7.8678E-03,0,3.9634E-01,4.4038E-03,0,4.8780E-01,1.6260E-03
2012-09-27 08:48:04.093,0,0.0,0.0,0,0.0,0.0,0,6.0976E-02,1.3141E-02,0,2.4390E-01,1.5736E-02,0,3.3537E-01,3.7263E-03,0,8.5366E-01,2.8455E-03
2012-09-27 08:48:36.860,0,6.0976E-02,2.4197E-01,0,3.0488E-02,9.3809E-02,0,9.1463E-02,1.9712E-02,0,3.0488E-02,1.9670E-03,0,3.0488E-01,3.3875E-03,0,5.1829E-01,1.7276E-03
2012-09-27 08:49:09.630,0,6.0976E-02,2.4197E-01,0,0.0,0.0,0,3.0488E-02,6.5707E-03,0,1.8293E-01,1.1802E-02,0,5.1829E-01,5.7588E-03,0,6.4024E-01,2.1342E-03
2012-09-27 08:49:42.397,0,1.2195E-01,4.8393E-01,0,3.0488E-02,9.3809E-02,0,1.5244E-01,3.2853E-02,0,9.1463E-02,5.9009E-03,0,2.4390E-01,2.7100E-03,0,7.0122E-01,2.3374E-03
2012-09-27 08:50:15.163,0,6.0976E-02,2.4197E-01,0,3.0488E-02,9.3809E-02,0,9.1463E-02,1.9712E-02,0,3.0488E-01,1.9670E-02,0,3.6585E-01,4.0650E-03,0,6.7073E-01,2.2358E-03
2012-09-27 08:50:47.933,0,0.0,0.0,0,0.0,0.0,0,0.0,0.0,0,3.6585E-01,2.3604E-02,0,4.2683E-01,4.7426E-03,0,3.0488E-01,1.0163E-03
2012-09-27 08:51:20.700,0,3.0488E-02,1.2098E-01,0,3.0488E-02,9.3809E-02,0,2.1342E-01,4.5994E-02,0,1.5244E-01,9.8348E-03,0,2.7439E-01,3.0488E-03,0,6.7073E-01,2.2358E-03
2012-09-27 08:51:53.467,0,3.0488E-02,1.2098E-01,0,3.0488E-02,9.3809E-02,0,0.0,0.0,0,2.7439E-01,1.7703E-02,0,5.4878E-01,6.0976E-03,0,4.8780E-01,1.6260E-03
2012-09-27 08:52:26.233,0,3.0488E-02,1.2098E-01,0,3.0488E-02,9.3809E-02,0,6.0976E-02,1.3141E-02,0,9.1463E-02,5.9009E-03,0,6.0976E-01,6.7751E-03,0,6.7073E-01,2.2358E-03
2012-09-27 08:52:59.003,0,3.0488E-02,1.2098E-01,0,3.0488E-02,9.3809E-02,0,1.2195E-01,2.6283E-02,0,2.4390E-01,1.5736E-02,0,3.3537E-01,3.7263E-03,0,7.3171E-01,2.4390E-03
2012-09-27 08:53:31.770,0,0.0,0.0,0,0.0,0.0,0,1.2195E-01,2.6283E-02,0,1.8293E-01,1.1802E-02,0,1.5244E-01,1.6938E-03,0,5.1829E-01,1.7276E-03
2012-09-27 08:54:04.537,0,0.0,0.0,0,3.0488E-02,9.3809E-02,0,3.0488E-02,6.5707E-03,0,1.2195E-01,7.8678E-03,0,4.2683E-01,4.7426E-03,0,7.6220E-01,2.5407E-03
2012-09-27 08:54:37.303,0,9.1463E-02,3.6295E-01,0,0.0,0.0,0,6.0976E-02,1.3141E-02,0,3.9634E-01,2.5570E-02,0,3.0488E-01,3.3875E-03,0,6.0976E-01,2.0325E-03
2012-09-27 08:55:10.073,0,3.0488E-02,1.2098E-01,0,0.0,0.0,0,6.0976E-02,1.3141E-02,0,1.5244E-01,9.8348E-03,0,4.2683E-01,4.7426E-03,0,3.6585E-01,1.2195E-03
2012-09-27 08:55:42.840,0,3.0488E-02,1.2098E-01,0,0.0,0.0,0,1.5244E-01,3.2853E-02,0,3.9634E-01,2.5570E-02,0,3.3537E-01,3.7263E-03,0,7.9268E-01,2.6423E-03
2012-09-27 08:56:15.607,0,6.0976E-02,2.4197E-01,0,0.0,0.0,0,3.0488E-02,6.5707E-03,0,1.2195E-01,7.8678E-03,0,3.3537E-01,3.7263E-03,0,4.5732E-01,1.5244E-03
2012-09-27 08:56:48.373,0,6.0976E-02,2.4197E-01,0,0.0,0.0,0,9.1463E-02,1.9712E-02,0,2.1342E-01,1.3769E-02,0,3.9634E-01,4.4038E-03,0,7.6220E-01,2.5407E-03
2012-09-27 08:57:21.143,0,0.0,0.0,0,0.0,0.0,0,3.0488E-02,6.5707E-03,0,1.8293E-01,1.1802E-02,0,4.5732E-01,5.0813E-03,0,5.1829E-01,1.7276E-03
2012-09-27 08:57:53.910,0,9.1463E-02,3.6295E-01,0,1.2195E-01,3.7524E-01,0,1.8293E-01,3.9424E-02,0,1.8293E-01,1.1802E-02,0,3.3537E-01,3.7263E-03,0,3.9634E-01,1.3211E-03
2012-09-27 08:58:26.677,0,1.2195E-01,4.8393E-01,0,3.0488E-02,9.3809E-02,0,9.1463E-02,1.9712E-02,0,2.1342E-01,1.3769E-02,0,3.9634E-01,4.4038E-03,0,4.2683E-01,1.4228E-03
2012-09-27 08:58:59.443,0,3.0488E-02,1.2098E-01,0,0.0,0.0,0,3.0488E-02,6.5707E-03,0,1.5244E-01,9.8348E-03,0,3.0488E-01,3.3875E-03,0,4.8780E-01,1.6260E-03
2012-09-27 08:59:32.213,0,9.1463E-02,3.6295E-01,0,0.0,0.0,0,6.0976E-02,1.3141E-02,0,1.5244E-01,9.8348E-03,0,4.5732E-01,5.0813E-03,0,8.5366E-01,2.8455E-03
2012-09-27 09:00:04.980,0,3.0488E-02,1.2098E-01,0,0.0,0.0,0,3.0488E-02,6.5707E-03,0,1.5244E-01,9.8348E-03,0,2.1342E-01,2.3713E-03,0,6.7073E-01,2.2358E-03
2012-09-27 09:00:37.747,0,3.0488E-02,1.2098E-01,0,6.0976E-02,1.8762E-01,0,9.1463E-02,1.9712E-02,0,2.1342E-01,1.3769E-02,0,1.8293E-01,2.0325E-03,0,3.6585E-01,1.2195E-03
2012-09-27 09:01:10.517,0,0.0,0.0,0,3.0488E-02,9.3809E-02,0,9.1463E-02,1.9712E-02,0,1.5244E-01,9.8348E-03,0,2.4390E-01,2.7100E-03,0,6.0976E-01,2.0325E-03
2012-09-27 09:01:43.283,0,6.0976E-02,2.4197E-01,0,0.0,0.0,0,2.1342E-01,4.5994E-02,0,1.5244E-01,9.8348E-03,0,3.3537E-01,3.7263E-03,0,5.1829E-01,1.7276E-03
2012-09-27 09:02:16.050,0,6.0976E-02,2.4197E-01,0,0.0,0.0,0,2.4390E-01,5.2565E-02,0,2.7439E-01,1.7703E-02,0,3.9634E-01,4.4038E-03,0,5.7927E-01,1.9309E-03
2012-09-27 09:02:48.817,0,3.0488E-02,1.2098E-01,0,3.0488E-02,9.3809E-02,0,1.5244E-01,3.2853E-02,0,1.2195E-01,7.8678E-03,0,5.1829E-01,5.7588E-03,0,4.2683E-01,1.4228E-03
2012-09-27 09:03:21.587,0,1.2195E-01,4.8393E-01,0,0.0,0.0,0,1.5244E-01,3.2853E-02,0,1.2195E-01,7.8678E-03,0,2.7439E-01,3.0488E-03,0,5.4878E-01,1.8293E-03
2012-09-27 09:03:54.353,0,3.0488E-02,1.2098E-01,0,0.0,0.0,0,1.2195E-01,2.6283E-02,0,1.5244E-01,9.8348E-03,0,3.9634E-01,4.4038E-03,0,6.0976E-01,2.0325E-03
2012-09-27 09:04:27.120,0,1.2195E-01,4.8393E-01,0,3.0488E-02,9.3809E-02,0,1.2195E-01,2.6283E-02,0,3.6585E-01,2.3604E-02,0,4.2683E-01,4.7426E-03,0,7.0122E-01,2.3374E-03
2012-09-27 09:04:59.887,0,3.0488E-02,1.2098E-01,0,0.0,0.0,0,2.1342E-01,4.5994E-02,0,2.4390E-01,1.5736E-02,0,4.5732E-01,5.0813E-03,0,4.8780E-01,1.6260E-03
2012-09-27 09:05:32.657,0,3.0488E-02,1.2098E-01,0,0.0,0.0,0,6.0976E-02,1.3141E-02,0,1.2195E-01,7.8678E-03,0,2.7439E-01,3.0488E-03,0,5.1829E-01,1.7276E-03
2012-09-27 09:06:05.423,0,9.1463E-02,3.6295E-01,0,0.0,0.0,0,9.1463E-02,1.9712E-02,0,9.1463E-02,5.9009E-03,0,4.8780E-01,5.4200E-03,0,4.8780E-01,1.6260E-03
2012-09-27 09:06:38.190,0,3.0488E-02,1.2098E-01,0,3.0488E-02,9.3809E-02,0,3.0488E-02,6.5707E-03,0,2.1342E-01,1.3769E-02,0,3.3537E-01,3.7263E-03,0,5.4878E-01,1.8293E-03
2012-09-27 09:07:10.957,0,3.0488E-02,1.2098E-01,0,0.0,0.0,0,1.8293E-01,3.9424E-02,0,1.2195E-01,7.8678E-03,0,3.9634E-01,4.4038E-03,0,5.7927E-01,1.9309E-03
2012-09-27 09:07:43.727,0,0.0,0.0,0,6.0976E-02,1.8762E-01,0,3.0488E-02,6.5707E-03,0,2.1342E-01,1.3769E-02,0,5.1829E-01,5.7588E-03,0,4.2683E-01,1.4228E-03
2012-09-27 09:08:16.493,0,3.0488E-02,1.2098E-01,0,6.0976E-02,1.8762E-01,0,3.0488E-02,6.5707E-03,0,3.0488E-01,1.9670E-02,0,4.5732E-01,5.0813E-03,0,5.7927E-01,1.9309E-03
2012-09-27 09:08:49.260,0,3.0488E-02,1.2098E-01,0,0.0,0.0,0,9.1463E-02,1.9712E-02,0,1.8293E-01,1.1802E-02,0,4.8780E-01,5.4200E-03,0,4.2683E-01,1.4228E-03
2012-09-27 09:09:22.027,0,6.0976E-02,2.4197E-01,0,3.0488E-02,9.3809E-02,0,3.0488E-02,6.5707E-03,0,2.1342E-01,1.3769E-02,0,4.2683E-01,4.7426E-03,0,5.4878E-01,1.8293E-03
2012-09-27 09:09:54.797,0,0.0,0.0,0,0.0,0.0,0,9.1463E-02,1.9712E-02,0,3.0488E-02,1.9670E-03,0,3.3537E-01,3.7263E-03,0,6.7073E-01,2.2358E-03
2012-09-27 09:10:27.563,0,3.0488E-02,1.2098E-01,0,0.0,0.0,0,3.0488E-02,6.5707E-03,0,1.8293E-01,1.1802E-02,0,4.2683E-01,4.7426E-03,0,5.4878E-01,1.8293E-03
2012-09-27 09:11:00.330,0,9.1463E-02,3.6295E-01,0,0.0,0.0,0,1.5244E-01,3.2853E-02,0,3.0488E-02,1.9670E-03,0,2.1342E-01,2.3713E-03,0,7.0122E-01,2.3374E-03
2012-09-27 09:11:33.097,0,3.0488E-02,1.2098E-01,0,3.0488E-02,9.3809E-02,0,9.1463E-02,1.9712E-02,0,2.1342E-01,1.3769E-02,0,4.8780E-01,5.4200E-03,0,7.6220E-01,2.5407E-03
2012-09-27 09:12:05.867,0,3.0488E-02,1.2098E-01,0,0.0,0.0,0,6.0976E-02,1.3141E-02,0,3.0488E-01,1.9670E-02,0,3.3537E-01,3.7263E-03,0,6.0976E-01,2.0325E-03
2012-09-27 09:12:38.633,0,1.5244E-01,6.0492E-01,0,3.0488E-02,9.3809E-02,0,6.0976E-02,1.3141E-02,0,2.7439E-01,1.7703E-02,0,4.5732E-01,5.0813E-03,0,4.2683E-01,1.4228E-03
2012-09-27 09:13:11.400,0,3.0488E-02,1.2098E-01,0,0.0,0.0,0,1.2195E-01,2.6283E-02,0,1.8293E-01,1.1802E-02,0,5.1829E-01,5.7588E-03,0,6.7073E-01,2.2358E-03
2012-09-27 09:13:44.167,0,1.2195E-01,4.8393E-01,0,3.0488E-02,9.3809E-02,0,6.0976E-02,1.3141E-02,0,9.1463E-02,5.9009E-03,0,2.4390E-01,2.7100E-03,0,5.7927E-01,1.9309E-03
2012-09-27 09:14:16.937,0,3.0488E-02,1.2098E-01,0,0.0,0.0,0,2.4390E-01,5.2565E-02,0,2.4390E-01,1.5736E-02,0,3.0488E-01,3.3875E-03,0,5.4878E-01,1.8293E-03
2012-09-27 09:14:49.703,0,3.0488E-02,1.2098E-01,0,0.0,0.0,0,6.0976E-02,1.3141E-02,0,2.1342E-01,1.3769E-02,0,3.3537E-01,3.7263E-03,0,7.6220E-01,2.5407E-03
2012-09-27 09:15:22.470,0,0.0,0.0,0,9.1463E-02,2.8143E-01,0,6.0976E-02,1.3141E-02,0,1.5244E-01,9.8348E-03,0,2.7439E-01,3.0488E-03,0,4.8780E-01,1.6260E-03
2012-09-27 09:15:55.237,0,9.1463E-02,3.6295E-01,0,0.0,0.0,0,3.0488E-02,6.5707E-03,0,6.0976E-02,3.9339E-03,0,3.6585E-01,4.0650E-03,0,6.4024E-01,2.1342E-03
2012-09-27 09:16:28.007,0,9.1463E-02,3.6295E-01,0,3.0488E-02,9.3809E-02,0,6.0976E-02,1.3141E-02,0,1.8293E-01,1.1802E-02,0,3.6585E-01,4.0650E-03,0,4.5732E-01,1.5244E-03
2012-09-27 09:17:00.773,0,0.0,0.0,0,3.0488E-02,9.3809E-02,0,1.5244E-01,3.2853E-02,0,2.1342E-01,1.3769E-02,0,9.1463E-02,1.0163E-03,0,4.2683E-01,1.4228E-03
2012-09-27 09:17:33.540,0,3.0488E-02,1.2098E-01,0,3.0488E-02,9.3809E-02,0,1.2195E-01,2.6283E-02,0,2.1342E-01,1.3769E-02,0,3.0488E-01,3.3875E-03,0,6.0976E-01,2.0325E-03
2012-09-27 09:18:06.307,0,6.0976E-02,2.4197E-01,0,0.0,0.0,0,1.5244E-01,3.2853E-02,0,2.4390E-01,1.5736E-02,0,3.6585E-01,4.0650E-03,0,4.5732E-01,1.5244E-03
2012-09-27 09:18:39.077,0,6.0976E-02,2.4197E-01,0,0.0,0.0,0,1.2195E-01,2.6283E-02,0,2.4390E-01,1.5736E-02,0,3.3537E-01,3.7263E-03,0,7.6220E-01,2.5407E-03
2012-09-27 09:19:11.843,0,0.0,0.0,0,3.0488E-02,9.3809E-02,0,6.0976E-02,1.3141E-02,0,9.1463E-02,5.9009E-03,0,3.3537E-01,3.7263E-03,0,4.2683E-01,1.4228E-03
2012-09-27 09:19:44.610,0,3.0488E-02,1.2098E-01,0,0.0,0.0,0,3.0488E-02,6.5707E-03,0,1.2195E-01,7.8678E-03,0,3.0488E-01,3.3875E-03,0,8.2317E-01,2.7439E-03
2012-09-27 09:20:17.377,0,9.1463E-02,3.6295E-01,0,0.0,0.0,0,6.0976E-02,1.3141E-02,0,3.0488E-01,1.9670E-02,0,4.5732E-01,5.0813E-03,0,7.0122E-01,2.3374E-03
2012-09-27 09:20:50.147,0,0.0,0.0,0,0.0,0.0,0,9.1463E-02,1.9712E-02,0,2.4390E-01,1.5736E-02,0,4.8780E-01,5.4200E-03,0,5.1829E-01,1.7276E-03
2012-09-27 09:21:22.913,0,9.1463E-02,3.6295E-01,0,3.0488E-02,9.3809E-02,0,1.2195E-01,2.6283E-02,0,1.5244E-01,9.8348E-03,0,6.4024E-01,7.1138E-03,0,8.2317E-01,2.7439E-03
2012-09-27 09:21:55.680,0,3.0488E-02,1.2098E-01,0,0.0,0.0,0,3.0488E-02,6.5707E-03,0,2.4390E-01,1.5736E-02,0,2.4390E-01,2.7100E-03,0,5.7927E-01,1.9309E-03
2012-09-27 09:22:28.447,0,3.0488E-02,1.2098E-01,0,3.0488E-02,9.3809E-02,0,6.0976E-02,1.3141E-02,0,2.7439E-01,1.7703E-02,0,2.7439E-01,3.0488E-03,0,7.9268E-01,2.6423E-03
2012-09-27 09:23:01.217,0,3.0488E-02,1.2098E-01,0,0.0,0.0,0,6.0976E-02,1.3141E-02,0,1.2195E-01,7.8678E-03,0,3.9634E-01,4.4038E-03,0,6.0976E-01,2.0325E-03
2012-09-27 09:23:33.983,0,3.0488E-02,1.2098E-01,0,0.0,0.0,0,1.2195E-01,2.6283E-02,0,1.8293E-01,1.1802E-02,0,2.7439E-01,3.0488E-03,0,4.2683E-01,1.4228E-03
2012-09-27 09:24:06.750,0,3.0488E-02,1.2098E-01,0,0.0,0.0,0,9.1463E-02,1.9712E-02,0,2.1342E-01,1.3769E-02,0,4.8780E-01,5.4200E-03,0,7.0122E-01,2.3374E-03
2012-09-27 09:24:39.517,0,0.0,0.0,0,0.0,0.0,0,1.2195E-01,2.6283E-02,0,3.3537E-01,2.1636E-02,0,3.3537E-01,3.7263E-03,0,5.1829E-01,1.7276E-03
2012-09-27 09:25:12.287,0,3.0488E-02,1.2098E-01,0,0.0,0.0,0,1.2195E-01,2.6283E-02,0,1.2195E-01,7.8678E-03,0,3.0488E-01,3.3875E-03,0,7.0122E-01,2.3374E-03
2012-09-27 09:25:45.053,0,3.0488E-02,1.2098E-01,0,0.0,0.0,0,0.0,0.0,0,1.8293E-01,1.1802E-02,0,3.9634E-01,4.4038E-03,0,4.8780E-01,1.6260E-03
2012-09-27 09:26:17.820,0,1.2195E-01,4.8393E-01,0,3.0488E-02,9.3809E-02,0,3.0488E-02,6.5707E-03,0,6.0976E-02,3.9339E-03,0,6.7073E-01,7.4526E-03,0,7.9268E-01,2.6423E-03
2012-09-27 09:26:50.590,0,1.2195E-01,4.8393E-01,0,0.0,0.0,0,1.2195E-01,2.6283E-02,0,1.2195E-01,7.8678E-03,0,3.9634E-01,4.4038E-03,0,5.1829E-01,1.7276E-03
2012-09-27 09:27:23.357,0,3.0488E-02,1.2098E-01,0,0.0,0.0,0,9.1463E-02,1.9712E-02,0,1.2195E-01,7.8678E-03,0,2.4390E-01,2.7100E-03,0,6.0976E-01,2.0325E-03
2012-09-27 09:27:56.123,0,3.0488E-02,1.2098E-01,0,0.0,0.0,0,9.1463E-02,1.9712E-02,0,3.0488E-01,1.9670E-02,0,4.5732E-01,5.0813E-03,0,6.0976E-01,2.0325E-03
2012-09-27 09:28:28.890,0,3.0488E-02,1.2098E-01,0,0.0,0.0,0,6.0976E-02,1.3141E-02,0,1.5244E-01,9.8348E-03,0,5.4878E-01,6.0976E-03,0,5.7927E-01,1.9309E-03
2012-09-27 09:29:01.660,0,3.0488E-02,1.2098E-01,0,3.0488E-02,9.3809E-02,0,1.2195E-01,2.6283E-02,0,1.5244E-01,9.8348E-03,0,3.3537E-01,3.7263E-03,0,6.7073E-01,2.2358E-03
2012-09-27 09:29:34.427,0,3.0488E-02,1.2098E-01,0,0.0,0.0,0,6.0976E-02,1.3141E-02,0,3.3537E-01,2.1636E-02,0,6.0976E-01,6.7751E-03,0,5.4878E-01,1.8293E-03
2012-09-27 09:30:07.193,0,3.0488E-02,1.2098E-01,0,0.0,0.0,0,6.0976E-02,1.3141E-02,0,2.4390E-01,1.5736E-02,0,4.5732E-01,5.0813E-03,0,4.8780E-01,1.6260E-03
2012-09-27 09:30:39.960,0,0.0,0.0,0,0.0,0.0,0,6.0976E-02,1.3141E-02,0,1.2195E-01,7.8678E-03,0,3.3537E-01,3.7263E-03,0,6.4024E-01,2.1342E-03
2012-09-27 09:31:12.730,0,0.0,0.0,0,0.0,0.0,0,3.0488E-02,6.5707E-03,0,1.5244E-01,9.8348E-03,0,2.4390E-01,2.7100E-03,0,3.9634E-01,1.3211E-03
2012-09-27 09:31:45.497,0,1.2195E-01,4.8393E-01,0,3.0488E-02,9.3809E-02,0,3.0488E-02,6.5707E-03,0,1.5244E-01,9.8348E-03,0,4.2683E-01,4.7426E-03,0,4.8780E-01,1.6260E-03
2012-09-27 09:32:18.263,0,6.0976E-02,2.4197E-01,0,6.0976E-02,1.8762E-01,0,6.0976E-02,1.3141E-02,0,3.3537E-01,2.1636E-02,0,1.5244E-01,1.6938E-03,0,4.8780E-01,1.6260E-03
2012-09-27 09:32:51.030,0,9.1463E-02,3.6295E-01,0,3.0488E-02,9.3809E-02,0,1.2195E-01,2.6283E-02,0,6.0976E-02,3.9339E-03,0,3.3537E-01,3.7263E-03,0,4.2683E-01,1.4228E-03
2012-09-27 09:33:23.800,0,0.0,0.0,0,6.0976E-02,1.8762E-01,0,1.5244E-01,3.2853E-02,0,2.1342E-01,1.3769E-02,0,3.0488E-01,3.3875E-03,0,4.5732E-01,1.5244E-03
2012-09-27 09:33:56.567,0,0.0,0.0,0,3.0488E-02,9.3809E-02,0,3.0488E-02,6.5707E-03,0,1.8293E-01,1.1802E-02,0,2.4390E-01,2.7100E-03,0,4.2683E-01,1.4228E-03
2012-09-27 09:34:29.333,0,6.0976E-02,2.4197E-01,0,0.0,0.0,0,3.0488E-02,6.5707E-03,0,1.5244E-01,9.8348E-03,0,3.3537E-01,3.7263E-03,0,5.7927E-01,1.9309E-03
2012-09-27 09:35:02.103,0,3.0488E-02,1.2098E-01,0,0.0,0.0,0,1.2195E-01,2.6283E-02,0,2.1342E-01,1.3769E-02,0,4.8780E-01,5.4200E-03,0,3.3537E-01,1.1179E-03
2012-09-27 09:35:34.870,0,0.0,0.0,0,0.0,0.0,0,6.0976E-02,1.3141E-02,0,3.0488E-01,1.9670E-02,0,4.8780E-01,5.4200E-03,0,7.0122E-01,2.3374E-03
2012-09-27 09:36:07.637,0,3.0488E-02,1.2098E-01,0,0.0,0.0,0,6.0976E-02,1.3141E-02,0,2.1342E-01,1.3769E-02,0,3.0488E-01,3.3875E-03,0,5.1829E-01,1.7276E-03
2012-09-27 09:36:40.403,0,3.0488E-02,1.2098E-01,0,0.0,0.0,0,1.5244E-01,3.2853E-02,0,2.4390E-01,1.5736E-02,0,4.8780E-01,5.4200E-03,0,6.7073E-01,2.2358E-03
2012-09-27 09:37:13.173,0,3.0488E-02,1.2098E-01,0,0.0,0.0,0,1.5244E-01,3.2853E-02,0,1.8293E-01,1.1802E-02,0,3.0488E-01,3.3875E-03,0,6.0976E-01,2.0325E-03
2012-09-27 09:37:45.940,0,0.0,0.0,0,0.0,0.0,0,9.1463E-02,1.9712E-02,0,2.7439E-01,1.7703E-02,0,3.0488E-01,3.3875E-03,0,3.9634E-01,1.3211E-03
2012-09-27 09:38:18.707,0,6.0976E-02,2.4197E-01,0,0.0,0.0,0,1.2195E-01,2.6283E-02,0,1.5244E-01,9.8348E-03,0,3.0488E-01,3.3875E-03,0,6.4024E-01,2.1342E-03
2012-09-27 09:38:51.473,0,0.0,0.0,0,0.0,0.0,0,0.0,0.0,0,1.2195E-01,7.8678E-03,0,4.8780E-01,5.4200E-03,0,6.4024E-01,2.1342E-03
2012-09-27 09:39:24.243,0,6.0976E-02,2.4197E-01,0,0.0,0.0,0,1.2195E-01,2.6283E-02,0,1.5244E-01,9.8348E-03,0,2.7439E-01,3.0488E-03,0,7.6220E-01,2.5407E-03
2012-09-27 09:39:57.010,0,0.0,0.0,0,3.0488E-02,9.3809E-02,0,9.1463E-02,1.9712E-02,0,1.8293E-01,1.1802E-02,0,3.6585E-01,4.0650E-03,0,7.0122E-01,2.3374E-03
2012-09-27 09:40:29.777,0,3.0488E-02,1.2098E-01,0,0.0,0.0,0,3.0488E-02,6.5707E-03,0,1.8293E-01,1.1802E-02,0,3.3537E-01,3.7263E-03,0,5.7927E-01,1.9309E-03
2012-09-27 09:41:02.543,0,3.0488E-02,1.2098E-01,0,0.0,0.0,0,9.1463E-02,1.9712E-02,0,2.7439E-01,1.7703E-02,0,4.5732E-01,5.0813E-03,0,7.0122E-01,2.3374E-03
2012-09-27 09:41:35.313,0,3.0488E-02,1.2098E-01,0,0.0,0.0,0,3.0488E-02,6.5707E-03,0,1.2195E-01,7.8678E-03,0,3.0488E-01,3.3875E-03,0,7.3171E-01,2.4390E-03
2012-09-27 09:42:08.080,0,0.0,0.0,0,0.0,0.0,0,3.0488E-02,6.5707E-03,0,6.0976E-02,3.9339E-03,0,3.3537E-01,3.7263E-03,0,5.4878E-01,1.8293E-03
2012-09-27 09:42:40.847,0,6.0976E-02,2.4197E-01,0,0.0,0.0,0,9.1463E-02,1.9712E-02,0,2.1342E-01,1.3769E-02,0,4.5732E-01,5.0813E-03,0,5.1829E-01,1.7276E-03
2012-09-27 09:43:13.617,0,0.0,0.0,0,0.0,0.0,0,2.1342E-01,4.5994E-02,0,2.1342E-01,1.3769E-02,0,2.4390E-01,2.7100E-03,0,6.4024E-01,2.1342E-03
2012-09-27 09:43:46.383,0,3.0488E-02,1.2098E-01,0,0.0,0.0,0,1.5244E-01,3.2853E-02,0,6.0976E-02,3.9339E-03,0,1.5244E-01,1.6938E-03,0,7.3171E-01,2.4390E-03
2012-09-27 09:44:19.150,0,0.0,0.0,0,0.0,0.0,0,6.0976E-02,1.3141E-02,0,3.0488E-01,1.9670E-02,0,5.1829E-01,5.7588E-03,0,5.7927E-01,1.9309E-03
2012-09-27 09:44:51.917,0,0.0,0.0,0,0.0,0.0,0,6.0976E-02,1.3141E-02,0,6.0976E-02,3.9339E-03,0,3.9634E-01,4.4038E-03,0,3.3537E-01,1.1179E-03
2012-09-27 09:45:24.687,0,3.0488E-02,1.2098E-01,0,0.0,0.0,0,9.1463E-02,1.9712E-02,0,2.4390E-01,1.5736E-02,0,2.1342E-01,2.3713E-03,0,4.8780E-01,1.6260E-03
2012-09-27 09:45:57.453,0,9.1463E-02,3.6295E-01,0,0.0,0.0,0,6.0976E-02,1.3141E-02,0,1.2195E-01,7.8678E-03,0,3.0488E-01,3.3875E-03,0,7.3171E-01,2.4390E-03
2012-09-27 09:46:30.220,0,0.0,0.0,0,0.0,0.0,0,3.0488E-02,6.5707E-03,0,2.7439E-01,1.7703E-02,0,2.7439E-01,3.0488E-03,0,5.7927E-01,1.9309E-03
2012-09-27 09:47:02.987,0,3.0488E-02,1.2098E-01,0,0.0,0.0,0,9.1463E-02,1.9712E-02,0,1.5244E-01,9.8348E-03,0,4.2683E-01,4.7426E-03,0,7.3171E-01,2.4390E-03
2012-09-27 09:47:35.757,0,0.0,0.0,0,3.0488E-02,9.3809E-02,0,1.5244E-01,3.2853E-02,0,1.2195E-01,7.8678E-03,0,6.7073E-01,7.4526E-03,0,5.1829E-01,1.7276E-03
2012-09-27 09:48:08.523,0,9.1463E-02,3.6295E-01,0,6.0976E-02,1.8762E-01,0,1.2195E-01,2.6283E-02,0,1.5244E-01,9.8348E-03,0,3.3537E-01,3.7263E-03,0,5.4878E-01,1.8293E-03
2012-09-27 09:48:41.290,0,3.0488E-02,1.2098E-01,0,0.0,0.0,0,0.0,0.0,0,1.8293E-01,1.1802E-02,0,3.0488E-01,3.3875E-03,0,5.4878E-01,1.8293E-03
2012-09-27 09:49:14.057,0,9.1463E-02,3.6295E-01,0,0.0,0.0,0,9.1463E-02,1.9712E-02,0,1.2195E-01,7.8678E-03,0,4.8780E-01,5.4200E-03,0,7.0122E-01,2.3374E-03
2012-09-27 09:49:46.827,0,3.0488E-02,1.2098E-01,0,0.0,0.0,0,6.0976E-02,1.3141E-02,0,9.1463E-02,5.9009E-03,0,5.1829E-01,5.7588E-03,0,7.3171E-01,2.4390E-03
2012-09-27 09:50:19.593,0,3.0488E-02,1.2098E-01,0,0.0,0.0,0,9.1463E-02,1.9712E-02,0,1.8293E-01,1.1802E-02,0,1.8293E-01,2.0325E-03,0,6.4024E-01,2.1342E-03
2012-09-27 09:50:52.360,0,9.1463E-02,3.6295E-01,0,3.0488E-02,9.3809E-02,0,6.0976E-02,1.3141E-02,0,2.1342E-01,1.3769E-02,0,3.6585E-01,4.0650E-03,0,3.6585E-01,1.2195E-03
2012-09-27 09:51:25.127,0,3.0488E-02,1.2098E-01,0,6.0976E-02,1.8762E-01,0,9.1463E-02,1.9712E-02,0,9.1463E-02,5.9009E-03,0,4.5732E-01,5.0813E-03,0,4.2683E-01,1.4228E-03
2012-09-27 09:51:57.897,0,6.0976E-02,2.4197E-01,0,0.0,0.0,0,9.1463E-02,1.9712E-02,0,2.1342E-01,1.3769E-02,0,3.3537E-01,3.7263E-03,0,6.4024E-01,2.1342E-03
2012-09-27 09:52:30.663,0,6.0976E-02,2.4197E-01,0,0.0,0.0,0,9.1463E-02,1.9712E-02,0,1.8293E-01,1.1802E-02,0,3.9634E-01,4.4038E-03,0,7.0122E-01,2.3374E-03
2012-09-27 09:53:03.430,0,0.0,0.0,0,0.0,0.0,0,1.5244E-01,3.2853E-02,0,1.2195E-01,7.8678E-03,0,2.7439E-01,3.0488E-03,0,7.0122E-01,2.3374E-03
2012-09-27 09:53:36.197,0,0.0,0.0,0,0.0,0.0,0,0.0,0.0,0,2.4390E-01,1.5736E-02,0,3.6585E-01,4.0650E-03,0,5.7927E-01,1.9309E-03
2012-09-27 09:54:08.967,0,6.0976E-02,2.4197E-01,0,3.0488E-02,9.3809E-02,0,0.0,0.0,0,1.8293E-01,1.1802E-02,0,5.1829E-01,5.7588E-03,0,6.4024E-01,2.1342E-03
2012-09-27 09:54:41.733,0,3.0488E-02,1.2098E-01,0,0.0,0.0,0,1.2195E-01,2.6283E-02,0,3.0488E-02,1.9670E-03,0,3.6585E-01,4.0650E-03,0,7.9268E-01,2.6423E-03
2012-09-27 09:55:14.500,0,3.0488E-02,1.2098E-01,0,3.0488E-02,9.3809E-02,0,9.1463E-02,1.9712E-02,0,1.2195E-01,7.8678E-03,0,3.3537E-01,3.7263E-03,0,7.3171E-01,2.4390E-03
2012-09-27 09:55:47.267,0,0.0,0.0,0,3.0488E-02,9.3809E-02,0,3.0488E-02,6.5707E-03,0,2.1342E-01,1.3769E-02,0,3.3537E-01,3.7263E-03,0,6.4024E-01,2.1342E-03
2012-09-27 09:56:20.037,0,6.0976E-02,2.4197E-01,0,0.0,0.0,0,3.0488E-02,6.5707E-03,0,2.4390E-01,1.5736E-02,0,3.9634E-01,4.4038E-03,0,7.0122E-01,2.3374E-03
2012-09-27 09:56:52.803,0,9.1463E-02,3.6295E-01,0,0.0,0.0,0,6.0976E-02,1.3141E-02,0,2.1342E-01,1.3769E-02,0,1.8293E-01,2.0325E-03,0,4.8780E-01,1.6260E-03
2012-09-27 09:57:25.570,0,3.0488E-02,1.2098E-01,0,0.0,0.0,0,6.0976E-02,1.3141E-02,0,1.5244E-01,9.8348E-03,0,3.6585E-01,4.0650E-03,0,5.4878E-01,1.8293E-03
2012-09-27 09:57:58.337,0,1.2195E-01,4.8393E-01,0,0.0,0.0,0,9.1463E-02,1.9712E-02,0,2.7439E-01,1.7703E-02,0,3.0488E-01,3.3875E-03,0,6.0976E-01,2.0325E-03
2012-09-27 09:58:31.107,0,3.0488E-02,1.2098E-01,0,0.0,0.0,0,3.0488E-02,6.5707E-03,0,2.7439E-01,1.7703E-02,0,3.3537E-01,3.7263E-03,0,4.8780E-01,1.6260E-03
2012-09-27 09:59:03.873,0,3.0488E-02,1.2098E-01,0,0.0,0.0,0,9.1463E-02,1.9712E-02,0,2.4390E-01,1.5736E-02,0,3.6585E-01,4.0650E-03,0,4.2683E-01,1.4228E-03
2012-09-27 09:59:36.640,0,3.0488E-02,1.2098E-01,0,3.0488E-02,9.3809E-02,0,3.0488E-02,6.5707E-03,0,1.8293E-01,1.1802E-02,0,3.9634E-01,4.4038E-03,0,6.0976E-01,2.0325E-03
2012-09-27 10:00:09.407,0,3.0488E-02,1.2098E-01,0,0.0,0.0,0,3.0488E-02,6.5707E-03,0,1.5244E-01,9.8348E-03,0,4.5732E-01,5.0813E-03,0,7.0122E-01,2.3374E-03
2012-09-27 10:00:42.177,0,9.1463E-02,3.6295E-01,0,3.0488E-02,9.3809E-02,0,9.1463E-02,1.9712E-02,0,2.1342E-01,1.3769E-02,0,3.9634E-01,4.4038E-03,0,7.6220E-01,2.5407E-03
2012-09-27 10:01:14.943,0,3.0488E-02,1.2098E-01,0,0.0,0.0,0,1.2195E-01,2.6283E-02,0,3.9634E-01,2.5570E-02,0,1.8293E-01,2.0325E-03,0,4.5732E-01,1.5244E-03
2012-09-27 10:01:47.710,0,6.0976E-02,2.4197E-01,0,0.0,0.0,0,6.0976E-02,1.3141E-02,0,1.2195E-01,7.8678E-03,0,3.9634E-01,4.4038E-03,0,5.7927E-01,1.9309E-03
2012-09-27 10:02:20.477,0,3.0488E-02,1.2098E-01,0,0.0,0.0,0,6.0976E-02,1.3141E-02,0,3.6585E-01,2.3604E-02,0,4.5732E-01,5.0813E-03,0,4.8780E-01,1.6260E-03
2012-09-27 10:02:53.247,0,9.1463E-02,3.6295E-01,0,3.0488E-02,9.3809E-02,0,9.1463E-02,1.9712E-02,0,2.1342E-01,1.3769E-02,0,3.3537E-01,3.7263E-03,0,6.4024E-01,2.1342E-03
2012-09-27 10:03:26.013,0,3.0488E-02,1.2098E-01,0,3.0488E-02,9.3809E-02,0,6.0976E-02,1.3141E-02,0,1.8293E-01,1.1802E-02,0,3.0488E-01,3.3875E-03,0,6.0976E-01,2.0325E-03
2012-09-27 10:03:58.780,0,3.0488E-02,1.2098E-01,0,0.0,0.0,0,6.0976E-02,1.3141E-02,0,2.1342E-01,1.3769E-02,0,2.1342E-01,2.3713E-03,0,4.2683E-01,1.4228E-03
2012-09-27 10:04:31.550,0,0.0,0.0,0,0.0,0.0,0,3.0488E-02,6.5707E-03,0,1.2195E-01,7.8678E-03,0,2.1342E-01,2.3713E-03,0,2.7439E-01,9.1463E-04
2012-09-27 10:05:04.317,0,0.0,0.0,0,0.0,0.0,0,6.0976E-02,1.3141E-02,0,1.8293E-01,1.1802E-02,0,3.6585E-01,4.0650E-03,0,7.0122E-01,2.3374E-03
2012-09-27 10:05:37.083,0,3.0488E-02,1.2098E-01,0,0.0,0.0,0,1.2195E-01,2.6283E-02,0,2.4390E-01,1.5736E-02,0,4.2683E-01,4.7426E-03,0,7.0122E-01,2.3374E-03
2012-09-27 10:06:09.850,0,9.1463E-02,3.6295E-01,0,3.0488E-02,9.3809E-02,0,0.0,0.0,0,1.5244E-01,9.8348E-03,0,3.0488E-01,3.3875E-03,0,4.8780E-01,1.6260E-03
2012-09-27 10:06:42.620,0,0.0,0.0,0,0.0,0.0,0,0.0,0.0,0,1.8293E-01,1.1802E-02,0,4.2683E-01,4.7426E-03,0,6.0976E-01,2.0325E-03
2012-09-27 10:07:15.387,0,0.0,0.0,0,0.0,0.0,0,6.0976E-02,1.3141E-02,0,1.5244E-01,9.8348E-03,0,6.0976E-01,6.7751E-03,0,3.6585E-01,1.2195E-03
2012-09-27 10:07:48.153,0,0.0,0.0,0,0.0,0.0,0,3.0488E-02,6.5707E-03,0,1.8293E-01,1.1802E-02,0,3.3537E-01,3.7263E-03,0,4.5732E-01,1.5244E-03
2012-09-27 10:08:20.920,0,0.0,0.0,0,3.0488E-02,9.3809E-02,0,1.5244E-01,3.2853E-02,0,1.8293E-01,1.1802E-02,0,2.1342E-01,2.3713E-03,0,4.5732E-01,1.5244E-03
2012-09-27 10:08:53.690,0,0.0,0.0,0,0.0,0.0,0,0.0,0.0,0,1.8293E-01,1.1802E-02,0,3.6585E-01,4.0650E-03,0,7.6220E-01,2.5407E-03
2012-09-27 10:09:26.457,0,3.0488E-02,1.2098E-01,0,0.0,0.0,0,6.0976E-02,1.3141E-02,0,0.0,0.0,0,4.2683E-01,4.7426E-03,0,5.4878E-01,1.8293E-03
2012-09-27 10:09:59.223,0,1.2195E-01,4.8393E-01,0,3.0488E-02,9.3809E-02,0,3.0488E-02,6.5707E-03,0,1.8293E-01,1.1802E-02,0,2.1342E-01,2.3713E-03,0,4.8780E-01,1.6260E-03
2012-09-27 10:10:31.993,0,1.2195E-01,4.8393E-01,0,0.0,0.0,0,0.0,0.0,0,9.1463E-02,5.9009E-03,0,2.4390E-01,2.7100E-03,0,7.3171E-01,2.4390E-03
2012-09-27 10:11:04.760,0,3.0488E-02,1.2098E-01,0,0.0,0.0,0,3.0488E-02,6.5707E-03,0,2.7439E-01,1.7703E-02,0,3.6585E-01,4.0650E-03,0,6.7073E-01,2.2358E-03
2012-09-27 10:11:37.527,0,9.1463E-02,3.6295E-01,0,3.0488E-02,9.3809E-02,0,1.2195E-01,2.6283E-02,0,2.4390E-01,1.5736E-02,0,3.3537E-01,3.7263E-03,0,3.6585E-01,1.2195E-03
2012-09-27 10:12:10.293,0,3.0488E-02,1.2098E-01,0,0.0,0.0,0,6.0976E-02,1.3141E-02,0,1.8293E-01,1.1802E-02,0,3.0488E-01,3.3875E-03,0,5.1829E-01,1.7276E-03
2012-09-27 10:12:43.063,0,0.0,0.0,0,6.0976E-02,1.8762E-01,0,9.1463E-02,1.9712E-02,0,2.4390E-01,1.5736E-02,0,3.6585E-01,4.0650E-03,0,3.6585E-01,1.2195E-03
2012-09-27 10:13:15.830,0,3.0488E-02,1.2098E-01,0,0.0,0.0,0,9.1463E-02,1.9712E-02,0,1.8293E-01,1.1802E-02,0,2.1342E-01,2.3713E-03,0,6.7073E-01,2.2358E-03
2012-09-27 10:13:48.597,0,3.0488E-02,1.2098E-01,0,3.0488E-02,9.3809E-02,0,6.0976E-02,1.3141E-02,0,2.4390E-01,1.5736E-02,0,4.8780E-01,5.4200E-03,0,6.4024E-01,2.1342E-03
2012-09-27 10:14:21.363,0,3.0488E-02,1.2098E-01,0,0.0,0.0,0,3.0488E-02,6.5707E-03,0,1.2195E-01,7.8678E-03,0,6.4024E-01,7.1138E-03,0,4.2683E-01,1.4228E-03
2012-09-27 10:14:54.133,0,0.0,0.0,0,0.0,0.0,0,3.0488E-02,6.5707E-03,0,2.1342E-01,1.3769E-02,0,4.8780E-01,5.4200E-03,0,6.7073E-01,2.2358E-03
2012-09-27 10:15:26.900,0,0.0,0.0,0,0.0,0.0,0,3.0488E-02,6.5707E-03,0,2.1342E-01,1.3769E-02,0,5.7927E-01,6.4363E-03,0,2.7439E-01,9.1463E-04
2012-09-27 10:15:59.667,0,0.0,0.0,0,0.0,0.0,0,9.1463E-02,1.9712E-02,0,1.5244E-01,9.8348E-03,0,2.1342E-01,2.3713E-03,0,5.1829E-01,1.7276E-03
2012-09-27 10:16:32.437,0,6.0976E-02,2.4197E-01,0,3.0488E-02,9.3809E-02,0,6.0976E-02,1.3141E-02,0,6.0976E-02,3.9339E-03,0,3.0488E-01,3.3875E-03,0,7.3171E-01,2.4390E-03
2012-09-27 10:17:05.203,0,3.0488E-02,1.2098E-01,0,0.0,0.0,0,6.0976E-02,1.3141E-02,0,1.5244E-01,9.8348E-03,0,3.6585E-01,4.0650E-03,0,7.3171E-01,2.4390E-03
2012-09-27 10:17:37.970,0,6.0976E-02,2.4197E-01,0,0.0,0.0,0,6.0976E-02,1.3141E-02,0,3.3537E-01,2.1636E-02,0,2.4390E-01,2.7100E-03,0,7.3171E-01,2.4390E-03
2012-09-27 10:18:10.737,0,0.0,0.0,0,0.0,0.0,0,0.0,0.0,0,2.7439E-01,1.7703E-02,0,3.6585E-01,4.0650E-03,0,4.8780E-01,1.6260E-03
2012-09-27 10:18:43.507,0,0.0,0.0,0,0.0,0.0,0,2.1342E-01,4.5994E-02,0,1.5244E-01,9.8348E-03,0,2.7439E-01,3.0488E-03,0,6.7073E-01,2.2358E-03
2012-09-27 10:19:16.273,0,6.0976E-02,2.4197E-01,0,3.0488E-02,9.3809E-02,0,3.0488E-02,6.5707E-03,0,2.1342E-01,1.3769E-02,0,5.4878E-01,6.0976E-03,0,4.2683E-01,1.4228E-03
2012-09-27 10:19:49.040,0,3.0488E-02,1.2098E-01,0,0.0,0.0,0,1.2195E-01,2.6283E-02,0,2.7439E-01,1.7703E-02,0,3.0488E-01,3.3875E-03,0,5.1829E-01,1.7276E-03
2012-09-27 10:20:21.807,0,6.0976E-02,2.4197E-01,0,0.0,0.0,0,6.0976E-02,1.3141E-02,0,1.8293E-01,1.1802E-02,0,3.9634E-01,4.4038E-03,0,7.6220E-01,2.5407E-03
2012-09-27 10:20:54.577,0,3.0488E-02,1.2098E-01,0,0.0,0.0,0,9.1463E-02,1.9712E-02,0,2.7439E-01,1.7703E-02,0,3.9634E-01,4.4038E-03,0,8.8415E-01,2.9471E-03
2012-09-27 10:21:27.343,0,0.0,0.0,0,3.0488E-02,9.3809E-02,0,6.0976E-02,1.3141E-02,0,1.8293E-01,1.1802E-02,0,4.5732E-01,5.0813E-03,0,5.7927E-01,1.9309E-03
2012-09-27 10:22:00.110,0,0.0,0.0,0,0.0,0.0,0,6.0976E-02,1.3141E-02,0,1.8293E-01,1.1802E-02,0,1.8293E-01,2.0325E-03,0,4.2683E-01,1.4228E-03
2012-09-27 10:22:32.877,0,6.0976E-02,2.4197E-01,0,3.0488E-02,9.3809E-02,0,6.0976E-02,1.3141E-02,0,1.2195E-01,7.8678E-03,0,3.6585E-01,4.0650E-03,0,6.4024E-01,2.1342E-03
2012-09-27 10:23:05.647,0,0.0,0.0,0,3.0488E-02,9.3809E-02,0,0.0,0.0,0,1.2195E-01,7.8678E-03,0,2.4390E-01,2.7100E-03,0,7.3171E-01,2.4390E-03
2012-09-27 10:23:38.413,0,3.0488E-02,1.2098E-01,0,6.0976E-02,1.8762E-01,0,1.5244E-01,3.2853E-02,0,1.2195E-01,7.8678E-03,0,2.7439E-01,3.0488E-03,0,4.8780E-01,1.6260E-03
2012-09-27 10:24:11.180,0,6.0976E-02,2.4197E-01,0,6.0976E-02,1.8762E-01,0,9.1463E-02,1.9712E-02,0,2.4390E-01,1.5736E-02,0,4.8780E-01,5.4200E-03,0,6.0976E-01,2.0325E-03
2012-09-27 10:24:43.947,0,6.0976E-02,2.4197E-01,0,0.0,0.0,0,9.1463E-02,1.9712E-02,0,1.8293E-01,1.1802E-02,0,2.4390E-01,2.7100E-03,0,3.9634E-01,1.3211E-03
2012-09-27 10:25:16.717,0,3.0488E-02,1.2098E-01,0,3.0488E-02,9.3809E-02,0,9.1463E-02,1.9712E-02,0,6.0976E-02,3.9339E-03,0,3.9634E-01,4.4038E-03,0,3.6585E-01,1.2195E-03
2012-09-27 10:25:49.483,0,1.2195E-01,4.8393E-01,0,0.0,0.0,0,3.0488E-02,6.5707E-03,0,1.5244E-01,9.8348E-03,0,3.3537E-01,3.7263E-03,0,7.6220E-01,2.5407E-03
2012-09-27 10:26:22.250,0,0.0,0.0,0,0.0,0.0,0,6.0976E-02,1.3141E-02,0,1.5244E-01,9.8348E-03,0,1.5244E-01,1.6938E-03,0,7.0122E-01,2.3374E-03
2012-09-27 10:26:55.017,0,0.0,0.0,0,3.0488E-02,9.3809E-02,0,1.2195E-01,2.6283E-02,0,1.5244E-01,9.8348E-03,0,4.5732E-01,5.0813E-03,0,5.7927E-01,1.9309E-03
2012-09-27 10:27:27.787,0,0.0,0.0,0,0.0,0.0,0,3.0488E-02,6.5707E-03,0,2.1342E-01,1.3769E-02,0,3.3537E-01,3.7263E-03,0,3.3537E-01,1.1179E-03
2012-09-27 10:28:00.553,0,6.0976E-02,2.4197E-01,0,0.0,0.0,0,1.8293E-01,3.9424E-02,0,9.1463E-02,5.9009E-03,0,3.9634E-01,4.4038E-03,0,6.4024E-01,2.1342E-03
2012-09-27 10:28:33.320,0,9.1463E-02,3.6295E-01,0,3.0488E-02,9.3809E-02,0,3.0488E-02,6.5707E-03,0,1.5244E-01,9.8348E-03,0,3.6585E-01,4.0650E-03,0,4.2683E-01,1.4228E-03
2012-09-27 10:29:06.087,0,0.0,0.0,0,0.0,0.0,0,6.0976E-02,1.3141E-02,0,2.1342E-01,1.3769E-02,0,2.4390E-01,2.7100E-03,0,4.5732E-01,1.5244E-03
2012-09-27 10:29:38.857,0,3.0488E-02,1.2098E-01,0,0.0,0.0,0,3.0488E-02,6.5707E-03,0,1.2195E-01,7.8678E-03,0,3.9634E-01,4.4038E-03,0,5.1829E-01,1.7276E-03
2012-09-27 10:30:11.623,0,3.0488E-02,1.2098E-01,0,3.0488E-02,9.3809E-02,0,3.0488E-02,6.5707E-03,0,2.7439E-01,1.7703E-02,0,3.3537E-01,3.7263E-03,0,7.3171E-01,2.4390E-03
2012-09-27 10:30:44.390,0,0.0,0.0,0,0.0,0.0,0,9.1463E-02,1.9712E-02,0,1.5244E-01,9.8348E-03,0,2.1342E-01,2.3713E-03,0,4.2683E-01,1.4228E-03
2012-09-27 10:31:17.157,0,0.0,0.0,0,0.0,0.0,0,1.5244E-01,3.2853E-02,0,1.5244E-01,9.8348E-03,0,2.7439E-01,3.0488E-03,0,6.0976E-01,2.0325E-03
2012-09-27 10:31:49.927,0,6.0976E-02,2.4197E-01,0,0.0,0.0,0,9.1463E-02,1.9712E-02,0,2.4390E-01,1.5736E-02,0,3.9634E-01,4.4038E-03,0,6.7073E-01,2.2358E-03
2012-09-27 10:32:22.693,0,6.0976E-02,2.4197E-01,0,0.0,0.0,0,3.0488E-02,6.5707E-03,0,9.1463E-02,5.9009E-03,0,4.8780E-01,5.4200E-03,0,5.4878E-01,1.8293E-03
2012-09-27 10:32:55.460,0,6.0976E-02,2.4197E-01,0,3.0488E-02,9.3809E-02,0,3.0488E-02,6.5707E-03,0,1.5244E-01,9.8348E-03,0,3.3537E-01,3.7263E-03,0,5.7927E-01,1.9309E-03
2012-09-27 10:33:28.227,0,0.0,0.0,0,3.0488E-02,9.3809E-02,0,6.0976E-02,1.3141E-02,0,3.0488E-01,1.9670E-02,0,3.6585E-01,4.0650E-03,0,5.4878E-01,1.8293E-03
2012-09-27 10:34:00.997,0,3.0488E-02,1.2098E-01,0,0.0,0.0,0,1.5244E-01,3.2853E-02,0,3.3537E-01,2.1636E-02,0,3.9634E-01,4.4038E-03,0,6.7073E-01,2.2358E-03
2012-09-27 10:34:33.763,0,0.0,0.0,0,0.0,0.0,0,1.2195E-01,2.6283E-02,0,1.8293E-01,1.1802E-02,0,2.7439E-01,3.0488E-03,0,5.7927E-01,1.9309E-03
2012-09-27 10:35:06.530,0,3.0488E-02,1.2098E-01,0,0.0,0.0,0,1.2195E-01,2.6283E-02,0,3.3537E-01,2.1636E-02,0,3.3537E-01,3.7263E-03,0,5.1829E-01,1.7276E-03
2012-09-27 10:35:39.300,0,3.0488E-02,1.2098E-01,0,0.0,0.0,0,6.0976E-02,1.3141E-02,0,9.1463E-02,5.9009E-03,0,4.8780E-01,5.4200E-03,0,3.6585E-01,1.2195E-03
2012-09-27 10:36:12.067,0,0.0,0.0,0,0.0,0.0,0,9.1463E-02,1.9712E-02,0,1.2195E-01,7.8678E-03,0,2.1342E-01,2.3713E-03,0,5.4878E-01,1.8293E-03
2012-09-27 10:36:44.833,0,3.0488E-02,1.2098E-01,0,0.0,0.0,0,6.0976E-02,1.3141E-02,0,9.1463E-02,5.9009E-03,0,3.3537E-01,3.7263E-03,0,5.4878E-01,1.8293E-03
2012-09-27 10:37:17.600,0,3.0488E-02,1.2098E-01,0,0.0,0.0,0,6.0976E-02,1.3141E-02,0,2.1342E-01,1.3769E-02,0,6.4024E-01,7.1138E-03,0,6.7073E-01,2.2358E-03
2012-09-27 10:37:50.370,0,0.0,0.0,0,0.0,0.0,0,6.0976E-02,1.3141E-02,0,3.3537E-01,2.1636E-02,0,5.7927E-01,6.4363E-03,0,5.1829E-01,1.7276E-03
2012-09-27 10:38:23.137,0,9.1463E-02,3.6295E-01,0,3.0488E-02,9.3809E-02,0,3.0488E-02,6.5707E-03,0,1.2195E-01,7.8678E-03,0,5.1829E-01,5.7588E-03,0,7.6220E-01,2.5407E-03
2012-09-27 10:38:55.903,0,3.0488E-02,1.2098E-01,0,9.1463E-02,2.8143E-01,0,6.0976E-02,1.3141E-02,0,1.5244E-01,9.8348E-03,0,2.7439E-01,3.0488E-03,0,2.7439E-01,9.1463E-04
2012-09-27 10:39:28.673,0,3.0488E-02,1.2098E-01,0,0.0,0.0,0,6.0976E-02,1.3141E-02,0,1.8293E-01,1.1802E-02,0,2.1342E-01,2.3713E-03,0,6.0976E-01,2.0325E-03
2012-09-27 10:40:01.440,0,0.0,0.0,0,0.0,0.0,0,6.0976E-02,1.3141E-02,0,1.8293E-01,1.1802E-02,0,3.9634E-01,4.4038E-03,0,6.4024E-01,2.1342E-03
2012-09-27 10:40:34.207,0,3.0488E-02,1.2098E-01,0,0.0,0.0,0,0.0,0.0,0,1.2195E-01,7.8678E-03,0,3.9634E-01,4.4038E-03,0,4.8780E-01,1.6260E-03
2012-09-27 10:41:06.973,0,0.0,0.0,0,3.0488E-02,9.3809E-02,0,1.2195E-01,2.6283E-02,0,1.8293E-01,1.1802E-02,0,3.3537E-01,3.7263E-03,0,5.4878E-01,1.8293E-03
2012-09-27 10:41:39.743,0,0.0,0.0,0,0.0,0.0,0,6.0976E-02,1.3141E-02,0,3.0488E-01,1.9670E-02,0,4.5732E-01,5.0813E-03,0,5.4878E-01,1.8293E-03
2012-09-27 10:42:12.510,0,3.0488E-02,1.2098E-01,0,0.0,0.0,0,1.2195E-01,2.6283E-02,0,1.8293E-01,1.1802E-02,0,5.1829E-01,5.7588E-03,0,4.5732E-01,1.5244E-03
2012-09-27 10:42:45.277,0,0.0,0.0,0,0.0,0.0,0,9.1463E-02,1.9712E-02,0,1.5244E-01,9.8348E-03,0,3.9634E-01,4.4038E-03,0,5.4878E-01,1.8293E-03
2012-09-27 10:43:18.043,0,6.0976E-02,2.4197E-01,0,3.0488E-02,9.3809E-02,0,0.0,0.0,0,3.3537E-01,2.1636E-02,0,3.0488E-01,3.3875E-03,0,5.4878E-01,1.8293E-03
2012-09-27 10:43:50.813,0,0.0,0.0,0,0.0,0.0,0,1.2195E-01,2.6283E-02,0,3.0488E-01,1.9670E-02,0,2.7439E-01,3.0488E-03,0,6.4024E-01,2.1342E-03
2012-09-27 10:44:23.580,0,3.0488E-02,1.2098E-01,0,0.0,0.0,0,3.0488E-02,6.5707E-03,0,1.8293E-01,1.1802E-02,0,4.8780E-01,5.4200E-03,0,7.6220E-01,2.5407E-03
2012-09-27 10:44:56.347,0,6.0976E-02,2.4197E-01,0,0.0,0.0,0,2.1342E-01,4.5994E-02,0,1.2195E-01,7.8678E-03,0,3.9634E-01,4.4038E-03,0,4.5732E-01,1.5244E-03
2012-09-27 10:45:29.117,0,6.0976E-02,2.4197E-01,0,3.0488E-02,9.3809E-02,0,1.8293E-01,3.9424E-02,0,2.4390E-01,1.5736E-02,0,2.7439E-01,3.0488E-03,0,5.7927E-01,1.9309E-03
2012-09-27 10:46:01.883,0,0.0,0.0,0,0.0,0.0,0,1.5244E-01,3.2853E-02,0,1.5244E-01,9.8348E-03,0,3.6585E-01,4.0650E-03,0,3.0488E-01,1.0163E-03
2012-09-27 10:46:34.650,0,0.0,0.0,0,0.0,0.0,0,1.5244E-01,3.2853E-02,0,3.3537E-01,2.1636E-02,0,5.1829E-01,5.7588E-03,0,5.1829E-01,1.7276E-03
2012-09-27 10:47:07.417,0,0.0,0.0,0,0.0,0.0,0,6.0976E-02,1.3141E-02,0,1.5244E-01,9.8348E-03,0,3.0488E-01,3.3875E-03,0,6.7073E-01,2.2358E-03
2012-09-27 10:47:40.187,0,6.0976E-02,2.4197E-01,0,0.0,0.0,0,1.2195E-01,2.6283E-02,0,2.4390E-01,1.5736E-02,0,2.7439E-01,3.0488E-03,0,3.9634E-01,1.3211E-03
2012-09-27 10:48:12.953,0,3.0488E-02,1.2098E-01,0,0.0,0.0,0,3.0488E-02,6.5707E-03,0,9.1463E-02,5.9009E-03,0,5.1829E-01,5.7588E-03,0,5.1829E-01,1.7276E-03
2012-09-27 10:48:45.720,0,3.0488E-02,1.2098E-01,0,0.0,0.0,0,1.2195E-01,2.6283E-02,0,2.4390E-01,1.5736E-02,0,4.5732E-01,5.0813E-03,0,5.4878E-01,1.8293E-03
2012-09-27 10:49:18.487,0,0.0,0.0,0,0.0,0.0,0,9.1463E-02,1.9712E-02,0,1.8293E-01,1.1802E-02,0,2.4390E-01,2.7100E-03,0,5.7927E-01,1.9309E-03
2012-09-27 10:49:51.257,0,3.0488E-02,1.2098E-01,0,3.0488E-02,9.3809E-02,0,3.0488E-02,6.5707E-03,0,1.8293E-01,1.1802E-02,0,3.3537E-01,3.7263E-03,0,5.4878E-01,1.8293E-03
2012-09-27 10:50:24.023,0,0.0,0.0,0,0.0,0.0,0,1.8293E-01,3.9424E-02,0,2.1342E-01,1.3769E-02,0,2.7439E-01,3.0488E-03,0,6.4024E-01,2.1342E-03
2012-09-27 10:50:56.790,0,0.0,0.0,0,0.0,0.0,0,1.2195E-01,2.6283E-02,0,1.5244E-01,9.8348E-03,0,2.1342E-01,2.3713E-03,0,3.3537E-01,1.1179E-03
2012-09-27 10:51:29.557,0,0.0,0.0,0,0.0,0.0,0,1.2195E-01,2.6283E-02,0,3.0488E-01,1.9670E-02,0,3.9634E-01,4.4038E-03,0,5.4878E-01,1.8293E-03
2012-09-27 10:52:02.327,0,3.0488E-02,1.2098E-01,0,0.0,0.0,0,1.2195E-01,2.6283E-02,0,6.0976E-02,3.9339E-03,0,2.4390E-01,2.7100E-03,0,6.7073E-01,2.2358E-03
2012-09-27 10:52:35.093,0,3.0488E-02,1.2098E-01,0,0.0,0.0,0,6.0976E-02,1.3141E-02,0,2.4390E-01,1.5736E-02,0,3.6585E-01,4.0650E-03,0,3.6585E-01,1.2195E-03
2012-09-27 10:53:07.860,0,0.0,0.0,0,0.0,0.0,0,1.5244E-01,3.2853E-02,0,2.7439E-01,1.7703E-02,0,3.6585E-01,4.0650E-03,0,5.1829E-01,1.7276E-03
2012-09-27 10:53:40.627,0,3.0488E-02,1.2098E-01,0,0.0,0.0,0,6.0976E-02,1.3141E-02,0,2.1342E-01,1.3769E-02,0,1.8293E-01,2.0325E-03,0,5.7927E-01,1.9309E-03
2012-09-27 10:54:13.397,0,6.0976E-02,2.4197E-01,0,3.0488E-02,9.3809E-02,0,9.1463E-02,1.9712E-02,0,1.8293E-01,1.1802E-02,0,3.3537E-01,3.7263E-03,0,3.6585E-01,1.2195E-03
2012-09-27 10:54:46.163,0,3.0488E-02,1.2098E-01,0,0.0,0.0,0,2.1342E-01,4.5994E-02,0,1.5244E-01,9.8348E-03,0,3.9634E-01,4.4038E-03,0,6.4024E-01,2.1342E-03
2012-09-27 10:55:18.930,0,0.0,0.0,0,0.0,0.0,0,9.1463E-02,1.9712E-02,0,1.8293E-01,1.1802E-02,0,1.8293E-01,2.0325E-03,0,5.7927E-01,1.9309E-03
2012-09-27 10:55:51.697,0,3.0488E-02,1.2098E-01,0,0.0,0.0,0,9.1463E-02,1.9712E-02,0,1.2195E-01,7.8678E-03,0,3.9634E-01,4.4038E-03,0,7.9268E-01,2.6423E-03
2012-09-27 10:56:24.467,0,6.0976E-02,2.4197E-01,0,6.0976E-02,1.8762E-01,0,6.0976E-02,1.3141E-02,0,1.8293E-01,1.1802E-02,0,4.8780E-01,5.4200E-03,0,5.4878E-01,1.8293E-03
2012-09-27 10:56:57.233,0,6.0976E-02,2.4197E-01,0,0.0,0.0,0,6.0976E-02,1.3141E-02,0,1.8293E-01,1.1802E-02,0,3.0488E-01,3.3875E-03,0,4.8780E-01,1.6260E-03
2012-09-27 10:57:30.000,0,3.0488E-02,1.2098E-01,0,3.0488E-02,9.3809E-02,0,6.0976E-02,1.3141E-02,0,3.3537E-01,2.1636E-02,0,2.7439E-01,3.0488E-03,0,4.8780E-01,1.6260E-03
2012-09-27 10:58:02.767,0,3.0488E-02,1.2098E-01,0,0.0,0.0,0,2.1342E-01,4.5994E-02,0,1.8293E-01,1.1802E-02,0,5.4878E-01,6.0976E-03,0,7.6220E-01,2.5407E-03
2012-09-27 10:58:35.537,0,6.0976E-02,2.4197E-01,0,0.0,0.0,0,1.8293E-01,3.9424E-02,0,2.1342E-01,1.3769E-02,0,3.3537E-01,3.7263E-03,0,7.3171E-01,2.4390E-03
2012-09-27 10:59:08.303,0,0.0,0.0,0,0.0,0.0,0,3.0488E-02,6.5707E-03,0,2.1342E-01,1.3769E-02,0,3.0488E-01,3.3875E-03,0,6.0976E-01,2.0325E-03
2012-09-27 10:59:41.070,0,0.0,0.0,0,0.0,0.0,0,6.0976E-02,1.3141E-02,0,1.5244E-01,9.8348E-03,0,6.0976E-01,6.7751E-03,0,6.7073E-01,2.2358E-03
2012-09-27 11:00:13.837,0,0.0,0.0,0,3.0488E-02,9.3809E-02,0,9.1463E-02,1.9712E-02,0,3.0488E-01,1.9670E-02,0,3.3537E-01,3.7263E-03,0,7.3171E-01,2.4390E-03
2012-09-27 11:00:46.607,0,6.0976E-02,2.4197E-01,0,3.0488E-02,9.3809E-02,0,6.0976E-02,1.3141E-02,0,1.2195E-01,7.8678E-03,0,3.9634E-01,4.4038E-03,0,8.2317E-01,2.7439E-03
2012-09-27 11:01:19.373,0,0.0,0.0,0,3.0488E-02,9.3809E-02,0,1.2195E-01,2.6283E-02,0,6.0976E-02,3.9339E-03,0,3.0488E-01,3.3875E-03,0,7.6220E-01,2.5407E-03
2012-09-27 11:01:52.140,0,0.0,0.0,0,0.0,0.0,0,6.0976E-02,1.3141E-02,0,2.1342E-01,1.3769E-02,0,3.6585E-01,4.0650E-03,0,4.2683E-01,1.4228E-03
2012-09-27 11:02:24.910,0,3.0488E-02,1.2098E-01,0,6.0976E-02,1.8762E-01,0,9.1463E-02,1.9712E-02,0,0.0,0.0,0,4.2683E-01,4.7426E-03,0,6.0976E-01,2.0325E-03
2012-09-27 11:02:57.677,0,3.0488E-02,1.2098E-01,0,0.0,0.0,0,2.7439E-01,5.9136E-02,0,1.8293E-01,1.1802E-02,0,4.2683E-01,4.7426E-03,0,8.5366E-01,2.8455E-03
2012-09-27 11:03:30.443,0,3.0488E-02,1.2098E-01,0,3.0488E-02,9.3809E-02,0,3.0488E-02,6.5707E-03,0,6.0976E-02,3.9339E-03,0,3.6585E-01,4.0650E-03,0,7.3171E-01,2.4390E-03
2012-09-27 11:04:03.210,0,6.0976E-02,2.4197E-01,0,3.0488E-02,9.3809E-02,0,3.0488E-02,6.5707E-03,0,1.2195E-01,7.8678E-03,0,3.9634E-01,4.4038E-03,0,4.8780E-01,1.6260E-03
2012-09-27 11:04:35.980,0,0.0,0.0,0,0.0,0.0,0,0.0,0.0,0,1.8293E-01,1.1802E-02,0,2.1342E-01,2.3713E-03,0,5.7927E-01,1.9309E-03
2012-09-27 11:05:08.747,0,3.0488E-02,1.2098E-01,0,0.0,0.0,0,6.0976E-02,1.3141E-02,0,1.5244E-01,9.8348E-03,0,5.4878E-01,6.0976E-03,0,8.5366E-01,2.8455E-03
2012-09-27 11:05:41.513,0,3.0488E-02,1.2098E-01,0,0.0,0.0,0,1.5244E-01,3.2853E-02,0,9.1463E-02,5.9009E-03,0,4.5732E-01,5.0813E-03,0,5.1829E-01,1.7276E-03
2012-09-27 11:06:14.280,0,6.0976E-02,2.4197E-01,0,6.0976E-02,1.8762E-01,0,1.8293E-01,3.9424E-02,0,2.4390E-01,1.5736E-02,0,3.6585E-01,4.0650E-03,0,4.8780E-01,1.6260E-03
2012-09-27 11:06:47.050,0,1.2195E-01,4.8393E-01,0,3.0488E-02,9.3809E-02,0,1.2195E-01,2.6283E-02,0,9.1463E-02,5.9009E-03,0,2.7439E-01,3.0488E-03,0,6.0976E-01,2.0325E-03
2012-09-27 11:07:19.817,0,3.0488E-02,1.2098E-01,0,0.0,0.0,0,3.0488E-02,6.5707E-03,0,1.5244E-01,9.8348E-03,0,2.1342E-01,2.3713E-03,0,3.6585E-01,1.2195E-03
2012-09-27 11:07:52.583,0,6.0976E-02,2.4197E-01,0,0.0,0.0,0,3.0488E-02,6.5707E-03,0,1.5244E-01,9.8348E-03,0,2.1342E-01,2.3713E-03,0,6.7073E-01,2.2358E-03
2012-09-27 11:08:25.353,0,3.0488E-02,1.2098E-01,0,0.0,0.0,0,1.5244E-01,3.2853E-02,0,2.4390E-01,1.5736E-02,0,3.6585E-01,4.0650E-03,0,6.7073E-01,2.2358E-03
2012-09-27 11:08:58.120,0,0.0,0.0,0,0.0,0.0,0,0.0,0.0,0,1.8293E-01,1.1802E-02,0,4.2683E-01,4.7426E-03,0,4.8780E-01,1.6260E-03
2012-09-27 11:09:30.887,0,9.1463E-02,3.6295E-01,0,0.0,0.0,0,1.2195E-01,2.6283E-02,0,2.4390E-01,1.5736E-02,0,4.2683E-01,4.7426E-03,0,7.0122E-01,2.3374E-03
2012-09-27 11:10:03.653,0,0.0,0.0,0,0.0,0.0,0,1.8293E-01,3.9424E-02,0,2.1342E-01,1.3769E-02,0,3.3537E-01,3.7263E-03,0,5.1829E-01,1.7276E-03
2012-09-27 11:10:36.423,0,6.0976E-02,2.4197E-01,0,0.0,0.0,0,1.5244E-01,3.2853E-02,0,2.7439E-01,1.7703E-02,0,4.2683E-01,4.7426E-03,0,5.4878E-01,1.8293E-03
2012-09-27 11:11:09.190,0,3.0488E-02,1.2098E-01,0,0.0,0.0,0,6.0976E-02,1.3141E-02,0,1.2195E-01,7.8678E-03,0,3.6585E-01,4.0650E-03,0,6.7073E-01,2.2358E-03
2012-09-27 11:11:41.957,0,0.0,0.0,0,3.0488E-02,9.3809E-02,0,9.1463E-02,1.9712E-02,0,2.7439E-01,1.7703E-02,0,2.7439E-01,3.0488E-03,0,4.8780E-01,1.6260E-03
2012-09-27 11:12:14.727,0,0.0,0.0,0,6.0976E-02,1.8762E-01,0,1.5244E-01,3.2853E-02,0,1.8293E-01,1.1802E-02,0,9.1463E-02,1.0163E-03,0,8.2317E-01,2.7439E-03
2012-09-27 11:12:47.493,0,3.0488E-02,1.2098E-01,0,0.0,0.0,0,9.1463E-02,1.9712E-02,0,1.8293E-01,1.1802E-02,0,4.8780E-01,5.4200E-03,0,5.4878E-01,1.8293E-03
2012-09-27 11:13:20.260,0,6.0976E-02,2.4197E-01,0,0.0,0.0,0,1.5244E-01,3.2853E-02,0,2.1342E-01,1.3769E-02,0,4.5732E-01,5.0813E-03,0,3.0488E-01,1.0163E-03
2012-09-27 11:13:53.027,0,3.0488E-02,1.2098E-01,0,3.0488E-02,9.3809E-02,0,6.0976E-02,1.3141E-02,0,1.5244E-01,9.8348E-03,0,4.8780E-01,5.4200E-03,0,7.6220E-01,2.5407E-03
2012-09-27 11:14:25.797,0,6.0976E-02,2.4197E-01,0,0.0,0.0,0,3.0488E-02,6.5707E-03,0,1.5244E-01,9.8348E-03,0,3.3537E-01,3.7263E-03,0,5.7927E-01,1.9309E-03
2012-09-27 11:14:58.563,0,3.0488E-02,1.2098E-01,0,0.0,0.0,0,9.1463E-02,1.9712E-02,0,2.4390E-01,1.5736E-02,0,4.5732E-01,5.0813E-03,0,6.7073E-01,2.2358E-03
2012-09-27 11:15:31.330,0,0.0,0.0,0,0.0,0.0,0,6.0976E-02,1.3141E-02,0,2.1342E-01,1.3769E-02,0,3.3537E-01,3.7263E-03,0,4.5732E-01,1.5244E-03
2012-09-27 11:16:04.097,0,3.0488E-02,1.2098E-01,0,6.0976E-02,1.8762E-01,0,6.0976E-02,1.3141E-02,0,6.0976E-02,3.9339E-03,0,4.2683E-01,4.7426E-03,0,7.3171E-01,2.4390E-03
2012-09-27 11:16:36.867,0,0.0,0.0,0,6.0976E-02,1.8762E-01,0,1.8293E-01,3.9424E-02,0,1.5244E-01,9.8348E-03,0,4.2683E-01,4.7426E-03,0,4.5732E-01,1.5244E-03
2012-09-27 11:17:09.633,0,0.0,0.0,0,0.0,0.0,0,9.1463E-02,1.9712E-02,0,1.2195E-01,7.8678E-03,0,4.8780E-01,5.4200E-03,0,8.2317E-01,2.7439E-03
2012-09-27 11:17:42.400,0,0.0,0.0,0,0.0,0.0,0,6.0976E-02,1.3141E-02,0,9.1463E-02,5.9009E-03,0,3.6585E-01,4.0650E-03,0,6.4024E-01,2.1342E-03
2012-09-27 11:18:15.167,0,0.0,0.0,0,6.0976E-02,1.8762E-01,0,1.5244E-01,3.2853E-02,0,1.8293E-01,1.1802E-02,0,7.3171E-01,8.1301E-03,0,5.4878E-01,1.8293E-03
2012-09-27 11:18:47.937,0,0.0,0.0,0,0.0,0.0,0,9.1463E-02,1.9712E-02,0,9.1463E-02,5.9009E-03,0,2.7439E-01,3.0488E-03,0,5.1829E-01,1.7276E-03
2012-09-27 11:19:20.703,0,3.0488E-02,1.2098E-01,0,0.0,0.0,0,1.5244E-01,3.2853E-02,0,9.1463E-02,5.9009E-03,0,3.3537E-01,3.7263E-03,0,4.8780E-01,1.6260E-03
2012-09-27 11:19:53.470,0,0.0,0.0,0,6.0976E-02,1.8762E-01,0,3.0488E-02,6.5707E-03,0,1.8293E-01,1.1802E-02,0,3.0488E-01,3.3875E-03,0,7.0122E-01,2.3374E-03
2012-09-27 11:20:26.237,0,6.0976E-02,2.4197E-01,0,0.0,0.0,0,0.0,0.0,0,3.6585E-01,2.3604E-02,0,2.7439E-01,3.0488E-03,0,7.3171E-01,2.4390E-03
2012-09-27 11:20:59.007,0,3.0488E-02,1.2098E-01,0,0.0,0.0,0,6.0976E-02,1.3141E-02,0,1.8293E-01,1.1802E-02,0,4.2683E-01,4.7426E-03,0,5.7927E-01,1.9309E-03
2012-09-27 11:21:31.773,0,6.0976E-02,2.4197E-01,0,0.0,0.0,0,6.0976E-02,1.3141E-02,0,2.1342E-01,1.3769E-02,0,3.6585E-01,4.0650E-03,0,4.8780E-01,1.6260E-03
2012-09-27 11:22:04.540,0,3.0488E-02,1.2098E-01,0,3.0488E-02,9.3809E-02,0,9.1463E-02,1.9712E-02,0,1.5244E-01,9.8348E-03,0,3.0488E-01,3.3875E-03,0,6.4024E-01,2.1342E-03
2012-09-27 11:22:37.307,0,6.0976E-02,2.4197E-01,0,3.0488E-02,9.3809E-02,0,6.0976E-02,1.3141E-02,0,1.8293E-01,1.1802E-02,0,4.5732E-01,5.0813E-03,0,5.4878E-01,1.8293E-03
2012-09-27 11:23:10.077,0,9.1463E-02,3.6295E-01,0,3.0488E-02,9.3809E-02,0,1.5244E-01,3.2853E-02,0,1.8293E-01,1.1802E-02,0,3.6585E-01,4.0650E-03,0,6.0976E-01,2.0325E-03
2012-09-27 11:23:42.843,0,3.0488E-02,1.2098E-01,0,0.0,0.0,0,6.0976E-02,1.3141E-02,0,1.8293E-01,1.1802E-02,0,5.1829E-01,5.7588E-03,0,3.9634E-01,1.3211E-03
2012-09-27 11:24:15.610,0,0.0,0.0,0,0.0,0.0,0,3.0488E-02,6.5707E-03,0,4.2683E-01,2.7537E-02,0,3.6585E-01,4.0650E-03,0,6.0976E-01,2.0325E-03
2012-09-27 11:24:48.377,0,0.0,0.0,0,3.0488E-02,9.3809E-02,0,3.0488E-02,6.5707E-03,0,1.2195E-01,7.8678E-03,0,3.3537E-01,3.7263E-03,0,5.1829E-01,1.7276E-03
2012-09-27 11:25:21.147,0,0.0,0.0,0,0.0,0.0,0,6.0976E-02,1.3141E-02,0,1.2195E-01,7.8678E-03,0,2.1342E-01,2.3713E-03,0,7.3171E-01,2.4390E-03
2012-09-27 11:25:53.913,0,3.0488E-02,1.2098E-01,0,0.0,0.0,0,9.1463E-02,1.9712E-02,0,3.9634E-01,2.5570E-02,0,3.3537E-01,3.7263E-03,0,8.2317E-01,2.7439E-03
2012-09-27 11:26:26.680,0,0.0,0.0,0,3.0488E-02,9.3809E-02,0,0.0,0.0,0,1.8293E-01,1.1802E-02,0,2.1342E-01,2.3713E-03,0,7.0122E-01,2.3374E-03
2012-09-27 11:26:59.447,0,0.0,0.0,0,0.0,0.0,0,1.2195E-01,2.6283E-02,0,1.5244E-01,9.8348E-03,0,2.7439E-01,3.0488E-03,0,4.8780E-01,1.6260E-03
2012-09-27 11:27:32.217,0,6.0976E-02,2.4197E-01,0,3.0488E-02,9.3809E-02,0,1.5244E-01,3.2853E-02,0,2.1342E-01,1.3769E-02,0,3.0488E-01,3.3875E-03,0,6.4024E-01,2.1342E-03
2012-09-27 11:28:04.983,0,3.0488E-02,1.2098E-01,0,6.0976E-02,1.8762E-01,0,6.0976E-02,1.3141E-02,0,2.1342E-01,1.3769E-02,0,3.9634E-01,4.4038E-03,0,3.9634E-01,1.3211E-03
2012-09-27 11:28:37.750,0,0.0,0.0,0,0.0,0.0,0,6.0976E-02,1.3141E-02,0,2.4390E-01,1.5736E-02,0,3.6585E-01,4.0650E-03,0,5.4878E-01,1.8293E-03
2012-09-27 11:29:10.520,0,3.0488E-02,1.2098E-01,0,3.0488E-02,9.3809E-02,0,1.5244E-01,3.2853E-02,0,1.5244E-01,9.8348E-03,0,3.3537E-01,3.7263E-03,0,6.0976E-01,2.0325E-03
2012-09-27 11:29:43.287,0,0.0,0.0,0,0.0,0.0,0,3.0488E-02,6.5707E-03,0,2.4390E-01,1.5736E-02,0,3.3537E-01,3.7263E-03,0,5.4878E-01,1.8293E-03
2012-09-27 11:30:16.053,0,0.0,0.0,0,0.0,0.0,0,6.0976E-02,1.3141E-02,0,2.4390E-01,1.5736E-02,0,3.9634E-01,4.4038E-03,0,3.9634E-01,1.3211E-03
2012-09-27 11:30:48.820,0,3.0488E-02,1.2098E-01,0,0.0,0.0,0,1.2195E-01,2.6283E-02,0,1.5244E-01,9.8348E-03,0,3.0488E-01,3.3875E-03,0,6.7073E-01,2.2358E-03
2012-09-27 11:31:21.590,0,6.0976E-02,2.4197E-01,0,0.0,0.0,0,1.8293E-01,3.9424E-02,0,1.5244E-01,9.8348E-03,0,4.5732E-01,5.0813E-03,0,5.7927E-01,1.9309E-03
2012-09-27 11:31:54.357,0,3.0488E-02,1.2098E-01,0,0.0,0.0,0,1.5244E-01,3.2853E-02,0,6.0976E-02,3.9339E-03,0,3.3537E-01,3.7263E-03,0,7.0122E-01,2.3374E-03
2012-09-27 11:32:27.123,0,0.0,0.0,0,0.0,0.0,0,1.2195E-01,2.6283E-02,0,2.7439E-01,1.7703E-02,0,4.2683E-01,4.7426E-03,0,4.8780E-01,1.6260E-03
2012-09-27 11:32:59.893,0,0.0,0.0,0,0.0,0.0,0,1.2195E-01,2.6283E-02,0,3.3537E-01,2.1636E-02,0,3.3537E-01,3.7263E-03,0,4.5732E-01,1.5244E-03
2012-09-27 11:33:32.660,0,3.0488E-02,1.2098E-01,0,6.0976E-02,1.8762E-01,0,9.1463E-02,1.9712E-02,0,1.8293E-01,1.1802E-02,0,3.6585E-01,4.0650E-03,0,5.4878E-01,1.8293E-03
2012-09-27 11:34:05.427,0,3.0488E-02,1.2098E-01,0,0.0,0.0,0,0.0,0.0,0,6.0976E-02,3.9339E-03,0,4.8780E-01,5.4200E-03,0,4.8780E-01,1.6260E-03
2012-09-27 11:34:38.193,0,9.1463E-02,3.6295E-01,0,0.0,0.0,0,0.0,0.0,0,2.7439E-01,1.7703E-02,0,5.1829E-01,5.7588E-03,0,8.5366E-01,2.8455E-03
2012-09-27 11:35:10.963,0,6.0976E-02,2.4197E-01,0,3.0488E-02,9.3809E-02,0,0.0,0.0,0,3.0488E-01,1.9670E-02,0,3.6585E-01,4.0650E-03,0,4.2683E-01,1.4228E-03
2012-09-27 11:35:43.730,0,3.0488E-02,1.2098E-01,0,3.0488E-02,9.3809E-02,0,1.2195E-01,2.6283E-02,0,1.8293E-01,1.1802E-02,0,3.9634E-01,4.4038E-03,0,5.1829E-01,1.7276E-03
2012-09-27 11:36:16.497,0,0.0,0.0,0,0.0,0.0,0,9.1463E-02,1.9712E-02,0,1.5244E-01,9.8348E-03,0,5.1829E-01,5.7588E-03,0,5.7927E-01,1.9309E-03
2012-09-27 11:36:49.263,0,3.0488E-02,1.2098E-01,0,3.0488E-02,9.3809E-02,0,9.1463E-02,1.9712E-02,0,1.2195E-01,7.8678E-03,0,4.5732E-01,5.0813E-03,0,4.8780E-01,1.6260E-03
2012-09-27 11:37:22.033,0,0.0,0.0,0,3.0488E-02,9.3809E-02,0,1.2195E-01,2.6283E-02,0,1.8293E-01,1.1802E-02,0,4.8780E-01,5.4200E-03,0,7.3171E-01,2.4390E-03
2012-09-27 11:37:54.800,0,3.0488E-02,1.2098E-01,0,0.0,0.0,0,3.0488E-02,6.5707E-03,0,9.1463E-02,5.9009E-03,0,5.1829E-01,5.7588E-03,0,6.0976E-01,2.0325E-03
2012-09-27 11:38:27.567,0,3.0488E-02,1.2098E-01,0,3.0488E-02,9.3809E-02,0,6.0976E-02,1.3141E-02,0,1.8293E-01,1.1802E-02,0,4.8780E-01,5.4200E-03,0,4.8780E-01,1.6260E-03
2012-09-27 11:39:00.337,0,3.0488E-02,1.2098E-01,0,9.1463E-02,2.8143E-01,0,1.2195E-01,2.6283E-02,0,2.7439E-01,1.7703E-02,0,4.5732E-01,5.0813E-03,0,7.9268E-01,2.6423E-03
2012-09-27 11:39:33.103,0,3.0488E-02,1.2098E-01,0,0.0,0.0,0,0.0,0.0,0,1.8293E-01,1.1802E-02,0,3.0488E-01,3.3875E-03,0,5.4878E-01,1.8293E-03
2012-09-27 11:40:05.870,0,3.0488E-02,1.2098E-01,0,0.0,0.0,0,9.1463E-02,1.9712E-02,0,1.5244E-01,9.8348E-03,0,4.5732E-01,5.0813E-03,0,7.3171E-01,2.4390E-03
2012-09-27 11:40:38.637,0,9.1463E-02,3.6295E-01,0,3.0488E-02,9.3809E-02,0,1.2195E-01,2.6283E-02,0,1.5244E-01,9.8348E-03,0,3.6585E-01,4.0650E-03,0,5.4878E-01,1.8293E-03
2012-09-27 11:41:11.407,0,0.0,0.0,0,0.0,0.0,0,1.5244E-01,3.2853E-02,0,1.8293E-01,1.1802E-02,0,3.9634E-01,4.4038E-03,0,7.9268E-01,2.6423E-03
2012-09-27 11:41:44.173,0,3.0488E-02,1.2098E-01,0,0.0,0.0,0,3.0488E-02,6.5707E-03,0,1.5244E-01,9.8348E-03,0,3.6585E-01,4.0650E-03,0,4.8780E-01,1.6260E-03
2012-09-27 11:42:16.940,0,3.0488E-02,1.2098E-01,0,0.0,0.0,0,6.0976E-02,1.3141E-02,0,1.5244E-01,9.8348E-03,0,3.9634E-01,4.4038E-03,0,4.8780E-01,1.6260E-03
2012-09-27 11:42:49.707,0,0.0,0.0,0,3.0488E-02,9.3809E-02,0,3.0488E-02,6.5707E-03,0,2.4390E-01,1.5736E-02,0,3.3537E-01,3.7263E-03,0,8.5366E-01,2.8455E-03
2012-09-27 11:43:22.477,0,6.0976E-02,2.4197E-01,0,0.0,0.0,0,9.1463E-02,1.9712E-02,0,1.5244E-01,9.8348E-03,0,3.6585E-01,4.0650E-03,0,7.9268E-01,2.6423E-03
2012-09-27 11:43:55.243,0,0.0,0.0,0,0.0,0.0,0,3.0488E-02,6.5707E-03,0,1.5244E-01,9.8348E-03,0,3.6585E-01,4.0650E-03,0,7.0122E-01,2.3374E-03
2012-09-27 11:44:28.010,0,0.0,0.0,0,0.0,0.0,0,9.1463E-02,1.9712E-02,0,1.2195E-01,7.8678E-03,0,3.0488E-01,3.3875E-03,0,6.7073E-01,2.2358E-03
2012-09-27 11:45:00.777,0,6.0976E-02,2.4197E-01,0,3.0488E-02,9.3809E-02,0,3.0488E-02,6.5707E-03,0,2.4390E-01,1.5736E-02,0,5.1829E-01,5.7588E-03,0,3.6585E-01,1.2195E-03
2012-09-27 11:45:33.547,0,3.0488E-02,1.2098E-01,0,0.0,0.0,0,3.0488E-02,6.5707E-03,0,1.2195E-01,7.8678E-03,0,4.2683E-01,4.7426E-03,0,5.4878E-01,1.8293E-03
2012-09-27 11:46:06.313,0,0.0,0.0,0,3.0488E-02,9.3809E-02,0,6.0976E-02,1.3141E-02,0,1.2195E-01,7.8678E-03,0,4.5732E-01,5.0813E-03,0,7.9268E-01,2.6423E-03
2012-09-27 11:46:39.080,0,6.0976E-02,2.4197E-01,0,0.0,0.0,0,6.0976E-02,1.3141E-02,0,1.2195E-01,7.8678E-03,0,2.4390E-01,2.7100E-03,0,3.3537E-01,1.1179E-03
2012-09-27 11:47:11.847,0,6.0976E-02,2.4197E-01,0,0.0,0.0,0,3.0488E-02,6.5707E-03,0,3.0488E-02,1.9670E-03,0,3.9634E-01,4.4038E-03,0,6.0976E-01,2.0325E-03
2012-09-27 11:47:44.617,0,3.0488E-02,1.2098E-01,0,0.0,0.0,0,9.1463E-02,1.9712E-02,0,2.1342E-01,1.3769E-02,0,5.1829E-01,5.7588E-03,0,4.8780E-01,1.6260E-03
2012-09-27 11:48:17.383,0,6.0976E-02,2.4197E-01,0,0.0,0.0,0,1.2195E-01,2.6283E-02,0,9.1463E-02,5.9009E-03,0,3.0488E-01,3.3875E-03,0,5.7927E-01,1.9309E-03
2012-09-27 11:48:50.150,0,0.0,0.0,0,0.0,0.0,0,9.1463E-02,1.9712E-02,0,1.8293E-01,1.1802E-02,0,4.2683E-01,4.7426E-03,0,6.0976E-01,2.0325E-03
2012-09-27 11:49:22.917,0,6.0976E-02,2.4197E-01,0,6.0976E-02,1.8762E-01,0,0.0,0.0,0,1.2195E-01,7.8678E-03,0,3.9634E-01,4.4038E-03,0,5.4878E-01,1.8293E-03
2012-09-27 11:49:55.687,0,3.0488E-02,1.2098E-01,0,0.0,0.0,0,9.1463E-02,1.9712E-02,0,1.5244E-01,9.8348E-03,0,3.0488E-01,3.3875E-03,0,6.0976E-01,2.0325E-03
2012-09-27 11:50:28.453,0,0.0,0.0,0,0.0,0.0,0,9.1463E-02,1.9712E-02,0,1.8293E-01,1.1802E-02,0,4.2683E-01,4.7426E-03,0,6.7073E-01,2.2358E-03
2012-09-27 11:51:01.220,0,3.0488E-02,1.2098E-01,0,0.0,0.0,0,6.0976E-02,1.3141E-02,0,1.8293E-01,1.1802E-02,0,3.6585E-01,4.0650E-03,0,4.2683E-01,1.4228E-03
2012-09-27 11:51:33.990,0,0.0,0.0,0,0.0,0.0,0,6.0976E-02,1.3141E-02,0,1.5244E-01,9.8348E-03,0,3.0488E-01,3.3875E-03,0,4.5732E-01,1.5244E-03
2012-09-27 11:52:06.757,0,3.0488E-02,1.2098E-01,0,0.0,0.0,0,6.0976E-02,1.3141E-02,0,2.1342E-01,1.3769E-02,0,2.7439E-01,3.0488E-03,0,6.0976E-01,2.0325E-03
2012-09-27 11:52:39.523,0,0.0,0.0,0,3.0488E-02,9.3809E-02,0,3.0488E-02,6.5707E-03,0,1.5244E-01,9.8348E-03,0,3.9634E-01,4.4038E-03,0,4.8780E-01,1.6260E-03
2012-09-27 11:53:12.290,0,6.0976E-02,2.4197E-01,0,0.0,0.0,0,6.0976E-02,1.3141E-02,0,2.4390E-01,1.5736E-02,0,3.3537E-01,3.7263E-03,0,6.4024E-01,2.1342E-03
2012-09-27 11:53:45.060,0,0.0,0.0,0,0.0,0.0,0,9.1463E-02,1.9712E-02,0,1.2195E-01,7.8678E-03,0,3.9634E-01,4.4038E-03,0,5.4878E-01,1.8293E-03
2012-09-27 11:54:17.827,0,3.0488E-02,1.2098E-01,0,3.0488E-02,9.3809E-02,0,9.1463E-02,1.9712E-02,0,3.0488E-01,1.9670E-02,0,3.3537E-01,3.7263E-03,0,6.7073E-01,2.2358E-03
2012-09-27 11:54:50.593,0,3.0488E-02,1.2098E-01,0,0.0,0.0,0,9.1463E-02,1.9712E-02,0,1.2195E-01,7.8678E-03,0,6.0976E-01,6.7751E-03,0,5.1829E-01,1.7276E-03
2012-09-27 11:55:23.360,0,0.0,0.0,0,3.0488E-02,9.3809E-02,0,1.5244E-01,3.2853E-02,0,2.1342E-01,1.3769E-02,0,2.7439E-01,3.0488E-03,0,3.3537E-01,1.1179E-03
2012-09-27 11:55:56.130,0,3.0488E-02,1.2098E-01,0,0.0,0.0,0,9.1463E-02,1.9712E-02,0,6.0976E-02,3.9339E-03,0,2.4390E-01,2.7100E-03,0,5.4878E-01,1.8293E-03
2012-09-27 11:56:28.897,0,0.0,0.0,0,3.0488E-02,9.3809E-02,0,9.1463E-02,1.9712E-02,0,1.8293E-01,1.1802E-02,0,4.8780E-01,5.4200E-03,0,5.7927E-01,1.9309E-03
2012-09-27 11:57:01.663,0,6.0976E-02,2.4197E-01,0,3.0488E-02,9.3809E-02,0,9.1463E-02,1.9712E-02,0,2.1342E-01,1.3769E-02,0,4.2683E-01,4.7426E-03,0,5.4878E-01,1.8293E-03
2012-09-27 11:57:34.433,0,0.0,0.0,0,3.0488E-02,9.3809E-02,0,3.0488E-02,6.5707E-03,0,1.8293E-01,1.1802E-02,0,5.7927E-01,6.4363E-03,0,7.3171E-01,2.4390E-03
2012-09-27 11:58:07.200,0,0.0,0.0,0,3.0488E-02,9.3809E-02,0,6.0976E-02,1.3141E-02,0,2.7439E-01,1.7703E-02,0,4.8780E-01,5.4200E-03,0,6.7073E-01,2.2358E-03
2012-09-27 11:58:39.967,0,3.0488E-02,1.2098E-01,0,0.0,0.0,0,0.0,0.0,0,2.1342E-01,1.3769E-02,0,4.2683E-01,4.7426E-03,0,5.7927E-01,1.9309E-03
2012-09-27 11:59:12.733,0,6.0976E-02,2.4197E-01,0,0.0,0.0,0,1.2195E-01,2.6283E-02,0,1.2195E-01,7.8678E-03,0,4.8780E-01,5.4200E-03,0,6.7073E-01,2.2358E-03
2012-09-27 11:59:45.503,0,0.0,0.0,0,0.0,0.0,0,6.0976E-02,1.3141E-02,0,2.4390E-01,1.5736E-02,0,4.8780E-01,5.4200E-03,0,5.1829E-01,1.7276E-03
2012-09-27 12:00:18.263,0,0.0,0.0,0,0.0,0.0,0,3.0488E-02,6.5707E-03,0,1.5244E-01,9.8348E-03,0,3.3537E-01,3.7263E-03,0,6.7073E-01,2.2358E-03
2012-09-27 12:00:51.033,0,0.0,0.0,0,3.0488E-02,9.3809E-02,0,9.1463E-02,1.9712E-02,0,3.0488E-02,1.9670E-03,0,4.8780E-01,5.4200E-03,0,5.7927E-01,1.9309E-03
2012-09-27 12:01:23.800,0,0.0,0.0,0,0.0,0.0,0,1.5244E-01,3.2853E-02,0,3.0488E-01,1.9670E-02,0,3.3537E-01,3.7263E-03,0,4.8780E-01,1.6260E-03
2012-09-27 12:01:56.567,0,3.0488E-02,1.2098E-01,0,3.0488E-02,9.3809E-02,0,1.2195E-01,2.6283E-02,0,1.5244E-01,9.8348E-03,0,2.1342E-01,2.3713E-03,0,5.7927E-01,1.9309E-03
2012-09-27 12:02:29.333,0,3.0488E-02,1.2098E-01,0,3.0488E-02,9.3809E-02,0,6.0976E-02,1.3141E-02,0,2.4390E-01,1.5736E-02,0,2.4390E-01,2.7100E-03,0,4.5732E-01,1.5244E-03
2012-09-27 12:03:02.103,0,0.0,0.0,0,3.0488E-02,9.3809E-02,0,1.5244E-01,3.2853E-02,0,1.5244E-01,9.8348E-03,0,4.2683E-01,4.7426E-03,0,6.7073E-01,2.2358E-03
2012-09-27 12:03:34.870,0,3.0488E-02,1.2098E-01,0,0.0,0.0,0,3.0488E-02,6.5707E-03,0,2.1342E-01,1.3769E-02,0,1.5244E-01,1.6938E-03,0,6.0976E-01,2.0325E-03
2012-09-27 12:04:07.637,0,0.0,0.0,0,0.0,0.0,0,1.2195E-01,2.6283E-02,0,2.4390E-01,1.5736E-02,0,4.2683E-01,4.7426E-03,0,4.8780E-01,1.6260E-03
2012-09-27 12:04:40.407,0,6.0976E-02,2.4197E-01,0,0.0,0.0,0,1.2195E-01,2.6283E-02,0,9.1463E-02,5.9009E-03,0,1.5244E-01,1.6938E-03,0,3.9634E-01,1.3211E-03
2012-09-27 12:05:13.173,0,3.0488E-02,1.2098E-01,0,0.0,0.0,0,1.2195E-01,2.6283E-02,0,2.7439E-01,1.7703E-02,0,4.8780E-01,5.4200E-03,0,6.4024E-01,2.1342E-03
2012-09-27 12:05:45.940,0,3.0488E-02,1.2098E-01,0,3.0488E-02,9.3809E-02,0,1.2195E-01,2.6283E-02,0,1.5244E-01,9.8348E-03,0,3.3537E-01,3.7263E-03,0,8.2317E-01,2.7439E-03
2012-09-27 12:06:18.707,0,3.0488E-02,1.2098E-01,0,0.0,0.0,0,3.0488E-02,6.5707E-03,0,1.5244E-01,9.8348E-03,0,4.8780E-01,5.4200E-03,0,8.5366E-01,2.8455E-03
2012-09-27 12:06:51.477,0,6.0976E-02,2.4197E-01,0,3.0488E-02,9.3809E-02,0,1.8293E-01,3.9424E-02,0,2.4390E-01,1.5736E-02,0,4.5732E-01,5.0813E-03,0,6.4024E-01,2.1342E-03
2012-09-27 12:07:24.243,0,0.0,0.0,0,0.0,0.0,0,1.8293E-01,3.9424E-02,0,2.7439E-01,1.7703E-02,0,2.7439E-01,3.0488E-03,0,7.3171E-01,2.4390E-03
2012-09-27 12:07:57.010,0,3.0488E-02,1.2098E-01,0,0.0,0.0,0,3.0488E-02,6.5707E-03,0,1.8293E-01,1.1802E-02,0,5.4878E-01,6.0976E-03,0,7.6220E-01,2.5407E-03
2012-09-27 12:08:29.777,0,0.0,0.0,0,0.0,0.0,0,1.2195E-01,2.6283E-02,0,1.8293E-01,1.1802E-02,0,4.8780E-01,5.4200E-03,0,7.3171E-01,2.4390E-03
2012-09-27 12:09:02.547,0,0.0,0.0,0,0.0,0.0,0,6.0976E-02,1.3141E-02,0,4.2683E-01,2.7537E-02,0,3.0488E-01,3.3875E-03,0,2.4390E-01,8.1301E-04
2012-09-27 12:09:35.313,0,0.0,0.0,0,0.0,0.0,0,9.1463E-02,1.9712E-02,0,3.3537E-01,2.1636E-02,0,5.1829E-01,5.7588E-03,0,4.2683E-01,1.4228E-03
2012-09-27 12:10:08.080,0,3.0488E-02,1.2098E-01,0,3.0488E-02,9.3809E-02,0,1.5244E-01,3.2853E-02,0,2.1342E-01,1.3769E-02,0,4.5732E-01,5.0813E-03,0,5.7927E-01,1.9309E-03
2012-09-27 12:10:40.847,0,3.0488E-02,1.2098E-01,0,0.0,0.0,0,6.0976E-02,1.3141E-02,0,2.7439E-01,1.7703E-02,0,3.6585E-01,4.0650E-03,0,8.5366E-01,2.8455E-03
2012-09-27 12:11:13.617,0,3.0488E-02,1.2098E-01,0,3.0488E-02,9.3809E-02,0,6.0976E-02,1.3141E-02,0,1.5244E-01,9.8348E-03,0,3.9634E-01,4.4038E-03,0,5.4878E-01,1.8293E-03
2012-09-27 12:11:46.383,0,0.0,0.0,0,0.0,0.0,0,9.1463E-02,1.9712E-02,0,1.5244E-01,9.8348E-03,0,3.0488E-01,3.3875E-03,0,6.4024E-01,2.1342E-03
2012-09-27 12:12:19.150,0,3.0488E-02,1.2098E-01,0,0.0,0.0,0,1.8293E-01,3.9424E-02,0,1.8293E-01,1.1802E-02,0,3.0488E-01,3.3875E-03,0,7.0122E-01,2.3374E-03
2012-09-27 12:12:51.917,0,0.0,0.0,0,0.0,0.0,0,3.0488E-02,6.5707E-03,0,3.0488E-01,1.9670E-02,0,2.7439E-01,3.0488E-03,0,6.7073E-01,2.2358E-03
2012-09-27 12:13:24.687,0,0.0,0.0,0,0.0,0.0,0,6.0976E-02,1.3141E-02,0,2.7439E-01,1.7703E-02,0,5.1829E-01,5.7588E-03,0,6.7073E-01,2.2358E-03
2012-09-27 12:13:57.453,0,3.0488E-02,1.2098E-01,0,0.0,0.0,0,9.1463E-02,1.9712E-02,0,2.1342E-01,1.3769E-02,0,4.8780E-01,5.4200E-03,0,4.8780E-01,1.6260E-03
2012-09-27 12:14:30.220,0,3.0488E-02,1.2098E-01,0,0.0,0.0,0,3.0488E-02,6.5707E-03,0,6.0976E-02,3.9339E-03,0,4.8780E-01,5.4200E-03,0,4.8780E-01,1.6260E-03
2012-09-27 12:15:02.987,0,0.0,0.0,0,3.0488E-02,9.3809E-02,0,0.0,0.0,0,2.1342E-01,1.3769E-02,0,4.2683E-01,4.7426E-03,0,3.9634E-01,1.3211E-03
2012-09-27 12:15:35.757,0,3.0488E-02,1.2098E-01,0,0.0,0.0,0,3.0488E-02,6.5707E-03,0,1.5244E-01,9.8348E-03,0,1.5244E-01,1.6938E-03,0,6.0976E-01,2.0325E-03
2012-09-27 12:16:08.523,0,3.0488E-02,1.2098E-01,0,3.0488E-02,9.3809E-02,0,1.2195E-01,2.6283E-02,0,2.1342E-01,1.3769E-02,0,2.4390E-01,2.7100E-03,0,5.4878E-01,1.8293E-03
2012-09-27 12:16:41.290,0,3.0488E-02,1.2098E-01,0,3.0488E-02,9.3809E-02,0,1.5244E-01,3.2853E-02,0,2.4390E-01,1.5736E-02,0,4.8780E-01,5.4200E-03,0,3.6585E-01,1.2195E-03
2012-09-27 12:17:14.060,0,3.0488E-02,1.2098E-01,0,0.0,0.0,0,3.0488E-02,6.5707E-03,0,1.8293E-01,1.1802E-02,0,3.3537E-01,3.7263E-03,0,4.2683E-01,1.4228E-03
2012-09-27 12:17:46.827,0,3.0488E-02,1.2098E-01,0,0.0,0.0,0,1.5244E-01,3.2853E-02,0,1.2195E-01,7.8678E-03,0,4.5732E-01,5.0813E-03,0,7.6220E-01,2.5407E-03
2012-09-27 12:18:19.593,0,6.0976E-02,2.4197E-01,0,3.0488E-02,9.3809E-02,0,9.1463E-02,1.9712E-02,0,1.5244E-01,9.8348E-03,0,2.4390E-01,2.7100E-03,0,4.2683E-01,1.4228E-03
2012-09-27 12:18:52.360,0,0.0,0.0,0,0.0,0.0,0,6.0976E-02,1.3141E-02,0,9.1463E-02,5.9009E-03,0,3.0488E-01,3.3875E-03,0,5.4878E-01,1.8293E-03
2012-09-27 12:19:25.130,0,3.0488E-02,1.2098E-01,0,3.0488E-02,9.3809E-02,0,0.0,0.0,0,2.1342E-01,1.3769E-02,0,4.2683E-01,4.7426E-03,0,3.9634E-01,1.3211E-03
2012-09-27 12:19:57.897,0,6.0976E-02,2.4197E-01,0,3.0488E-02,9.3809E-02,0,1.2195E-01,2.6283E-02,0,3.0488E-02,1.9670E-03,0,3.6585E-01,4.0650E-03,0,5.7927E-01,1.9309E-03
2012-09-27 12:20:30.663,0,6.0976E-02,2.4197E-01,0,3.0488E-02,9.3809E-02,0,3.0488E-02,6.5707E-03,0,2.4390E-01,1.5736E-02,0,2.1342E-01,2.3713E-03,0,8.8415E-01,2.9471E-03
2012-09-27 12:21:03.430,0,0.0,0.0,0,3.0488E-02,9.3809E-02,0,9.1463E-02,1.9712E-02,0,1.8293E-01,1.1802E-02,0,4.2683E-01,4.7426E-03,0,4.5732E-01,1.5244E-03
2012-09-27 12:21:36.200,0,0.0,0.0,0,0.0,0.0,0,6.0976E-02,1.3141E-02,0,1.5244E-01,9.8348E-03,0,3.6585E-01,4.0650E-03,0,5.7927E-01,1.9309E-03
2012-09-27 12:22:08.967,0,3.0488E-02,1.2098E-01,0,0.0,0.0,0,3.0488E-02,6.5707E-03,0,1.5244E-01,9.8348E-03,0,3.0488E-01,3.3875E-03,0,5.1829E-01,1.7276E-03
2012-09-27 12:22:41.733,0,0.0,0.0,0,3.0488E-02,9.3809E-02,0,6.0976E-02,1.3141E-02,0,1.2195E-01,7.8678E-03,0,4.8780E-01,5.4200E-03,0,6.4024E-01,2.1342E-03
2012-09-27 12:23:14.503,0,0.0,0.0,0,6.0976E-02,1.8762E-01,0,9.1463E-02,1.9712E-02,0,1.5244E-01,9.8348E-03,0,2.1342E-01,2.3713E-03,0,6.0976E-01,2.0325E-03
2012-09-27 12:23:47.270,0,0.0,0.0,0,0.0,0.0,0,1.5244E-01,3.2853E-02,0,1.5244E-01,9.8348E-03,0,2.4390E-01,2.7100E-03,0,6.7073E-01,2.2358E-03
2012-09-27 12:24:20.037,0,6.0976E-02,2.4197E-01,0,3.0488E-02,9.3809E-02,0,1.2195E-01,2.6283E-02,0,1.2195E-01,7.8678E-03,0,3.0488E-01,3.3875E-03,0,5.4878E-01,1.8293E-03
2012-09-27 12:24:52.803,0,0.0,0.0,0,0.0,0.0,0,9.1463E-02,1.9712E-02,0,1.2195E-01,7.8678E-03,0,3.9634E-01,4.4038E-03,0,7.0122E-01,2.3374E-03
2012-09-27 12:25:25.573,0,3.0488E-02,1.2098E-01,0,0.0,0.0,0,3.3537E-01,7.2277E-02,0,3.0488E-01,1.9670E-02,0,2.1342E-01,2.3713E-03,0,3.9634E-01,1.3211E-03
2012-09-27 12:25:58.340,0,0.0,0.0,0,0.0,0.0,0,6.0976E-02,1.3141E-02,0,1.2195E-01,7.8678E-03,0,4.2683E-01,4.7426E-03,0,6.4024E-01,2.1342E-03
2012-09-27 12:26:31.107,0,9.1463E-02,3.6295E-01,0,3.0488E-02,9.3809E-02,0,9.1463E-02,1.9712E-02,0,9.1463E-02,5.9009E-03,0,4.8780E-01,5.4200E-03,0,6.4024E-01,2.1342E-03
2012-09-27 12:27:03.877,0,3.0488E-02,1.2098E-01,0,0.0,0.0,0,0.0,0.0,0,1.8293E-01,1.1802E-02,0,2.4390E-01,2.7100E-03,0,6.4024E-01,2.1342E-03
2012-09-27 12:27:36.643,0,3.0488E-02,1.2098E-01,0,0.0,0.0,0,6.0976E-02,1.3141E-02,0,3.0488E-01,1.9670E-02,0,3.9634E-01,4.4038E-03,0,4.8780E-01,1.6260E-03
2012-09-27 12:28:09.410,0,3.0488E-02,1.2098E-01,0,0.0,0.0,0,1.8293E-01,3.9424E-02,0,2.7439E-01,1.7703E-02,0,5.4878E-01,6.0976E-03,0,5.4878E-01,1.8293E-03
2012-09-27 12:28:42.177,0,3.0488E-02,1.2098E-01,0,0.0,0.0,0,9.1463E-02,1.9712E-02,0,6.0976E-02,3.9339E-03,0,3.6585E-01,4.0650E-03,0,6.4024E-01,2.1342E-03
2012-09-27 12:29:14.947,0,0.0,0.0,0,0.0,0.0,0,1.2195E-01,2.6283E-02,0,1.2195E-01,7.8678E-03,0,3.3537E-01,3.7263E-03,0,5.1829E-01,1.7276E-03
2012-09-27 12:29:47.713,0,3.0488E-02,1.2098E-01,0,3.0488E-02,9.3809E-02,0,1.2195E-01,2.6283E-02,0,3.0488E-01,1.9670E-02,0,2.7439E-01,3.0488E-03,0,5.1829E-01,1.7276E-03
2012-09-27 12:30:20.480,0,0.0,0.0,0,3.0488E-02,9.3809E-02,0,0.0,0.0,0,1.5244E-01,9.8348E-03,0,4.2683E-01,4.7426E-03,0,7.3171E-01,2.4390E-03
2012-09-27 12:30:53.247,0,0.0,0.0,0,6.0976E-02,1.8762E-01,0,6.0976E-02,1.3141E-02,0,1.2195E-01,7.8678E-03,0,4.2683E-01,4.7426E-03,0,7.0122E-01,2.3374E-03
2012-09-27 12:31:26.017,0,3.0488E-02,1.2098E-01,0,0.0,0.0,0,1.2195E-01,2.6283E-02,0,3.3537E-01,2.1636E-02,0,2.7439E-01,3.0488E-03,0,3.3537E-01,1.1179E-03
2012-09-27 12:31:58.783,0,6.0976E-02,2.4197E-01,0,0.0,0.0,0,9.1463E-02,1.9712E-02,0,2.1342E-01,1.3769E-02,0,3.6585E-01,4.0650E-03,0,4.5732E-01,1.5244E-03
2012-09-27 12:32:31.550,0,0.0,0.0,0,3.0488E-02,9.3809E-02,0,9.1463E-02,1.9712E-02,0,3.0488E-02,1.9670E-03,0,3.9634E-01,4.4038E-03,0,5.4878E-01,1.8293E-03
2012-09-27 12:33:04.317,0,0.0,0.0,0,0.0,0.0,0,3.0488E-02,6.5707E-03,0,1.5244E-01,9.8348E-03,0,3.9634E-01,4.4038E-03,0,7.0122E-01,2.3374E-03
2012-09-27 12:33:37.087,0,0.0,0.0,0,0.0,0.0,0,1.2195E-01,2.6283E-02,0,3.3537E-01,2.1636E-02,0,3.9634E-01,4.4038E-03,0,9.9085E-01,3.3029E-03
2012-09-27 12:34:09.853,0,3.0488E-02,1.2098E-01,0,6.0976E-02,1.8762E-01,0,6.0976E-02,1.3141E-02,0,2.4390E-01,1.5736E-02,0,3.9634E-01,4.4038E-03,0,4.8780E-01,1.6260E-03
2012-09-27 12:34:42.620,0,0.0,0.0,0,0.0,0.0,0,9.1463E-02,1.9712E-02,0,1.2195E-01,7.8678E-03,0,3.3537E-01,3.7263E-03,0,3.9634E-01,1.3211E-03
2012-09-27 12:35:15.387,0,3.0488E-02,1.2098E-01,0,3.0488E-02,9.3809E-02,0,1.2195E-01,2.6283E-02,0,1.5244E-01,9.8348E-03,0,5.1829E-01,5.7588E-03,0,4.8780E-01,1.6260E-03
2012-09-27 12:35:48.157,0,6.0976E-02,2.4197E-01,0,0.0,0.0,0,2.1342E-01,4.5994E-02,0,1.8293E-01,1.1802E-02,0,3.0488E-01,3.3875E-03,0,6.0976E-01,2.0325E-03
2012-09-27 12:36:20.923,0,0.0,0.0,0,3.0488E-02,9.3809E-02,0,3.0488E-02,6.5707E-03,0,3.9634E-01,2.5570E-02,0,5.1829E-01,5.7588E-03,0,4.8780E-01,1.6260E-03
2012-09-27 12:36:53.690,0,0.0,0.0,0,0.0,0.0,0,6.0976E-02,1.3141E-02,0,1.8293E-01,1.1802E-02,0,2.7439E-01,3.0488E-03,0,6.4024E-01,2.1342E-03
2012-09-27 12:37:26.457,0,3.0488E-02,1.2098E-01,0,0.0,0.0,0,3.0488E-02,6.5707E-03,0,1.5244E-01,9.8348E-03,0,3.3537E-01,3.7263E-03,0,7.6220E-01,2.5407E-03
2012-09-27 12:37:59.227,0,0.0,0.0,0,0.0,0.0,0,0.0,0.0,0,1.5244E-01,9.8348E-03,0,5.7927E-01,6.4363E-03,0,7.3171E-01,2.4390E-03
2012-09-27 12:38:31.993,0,6.0976E-02,2.4197E-01,0,0.0,0.0,0,6.0976E-02,1.3141E-02,0,2.4390E-01,1.5736E-02,0,2.4390E-01,2.7100E-03,0,7.6220E-01,2.5407E-03
2012-09-27 12:39:04.760,0,3.0488E-02,1.2098E-01,0,3.0488E-02,9.3809E-02,0,3.0488E-02,6.5707E-03,0,3.0488E-02,1.9670E-03,0,4.8780E-01,5.4200E-03,0,5.4878E-01,1.8293E-03
2012-09-27 12:39:37.530,0,3.0488E-02,1.2098E-01,0,0.0,0.0,0,6.0976E-02,1.3141E-02,0,2.1342E-01,1.3769E-02,0,3.0488E-01,3.3875E-03,0,4.8780E-01,1.6260E-03
2012-09-27 12:40:10.297,0,0.0,0.0,0,0.0,0.0,0,0.0,0.0,0,3.0488E-01,1.9670E-02,0,3.0488E-01,3.3875E-03,0,6.7073E-01,2.2358E-03
2012-09-27 12:40:43.063,0,6.0976E-02,2.4197E-01,0,0.0,0.0,0,9.1463E-02,1.9712E-02,0,1.5244E-01,9.8348E-03,0,3.6585E-01,4.0650E-03,0,4.8780E-01,1.6260E-03
2012-09-27 12:41:15.830,0,0.0,0.0,0,0.0,0.0,0,1.2195E-01,2.6283E-02,0,2.7439E-01,1.7703E-02,0,3.9634E-01,4.4038E-03,0,7.3171E-01,2.4390E-03
2012-09-27 12:41:48.600,0,0.0,0.0,0,0.0,0.0,0,3.0488E-02,6.5707E-03,0,2.1342E-01,1.3769E-02,0,3.0488E-01,3.3875E-03,0,4.5732E-01,1.5244E-03
2012-09-27 12:42:21.367,0,3.0488E-02,1.2098E-01,0,0.0,0.0,0,6.0976E-02,1.3141E-02,0,2.1342E-01,1.3769E-02,0,5.4878E-01,6.0976E-03,0,5.4878E-01,1.8293E-03
2012-09-27 12:42:54.133,0,0.0,0.0,0,3.0488E-02,9.3809E-02,0,1.2195E-01,2.6283E-02,0,2.1342E-01,1.3769E-02,0,2.7439E-01,3.0488E-03,0,6.0976E-01,2.0325E-03
2012-09-27 12:43:26.903,0,0.0,0.0,0,0.0,0.0,0,1.8293E-01,3.9424E-02,0,1.8293E-01,1.1802E-02,0,2.4390E-01,2.7100E-03,0,6.7073E-01,2.2358E-03
2012-09-27 12:43:59.670,0,0.0,0.0,0,3.0488E-02,9.3809E-02,0,6.0976E-02,1.3141E-02,0,3.0488E-01,1.9670E-02,0,5.1829E-01,5.7588E-03,0,5.1829E-01,1.7276E-03
2012-09-27 12:44:32.437,0,3.0488E-02,1.2098E-01,0,0.0,0.0,0,1.2195E-01,2.6283E-02,0,3.3537E-01,2.1636E-02,0,3.6585E-01,4.0650E-03,0,6.0976E-01,2.0325E-03
2012-09-27 12:45:05.203,0,0.0,0.0,0,6.0976E-02,1.8762E-01,0,3.0488E-02,6.5707E-03,0,1.5244E-01,9.8348E-03,0,5.7927E-01,6.4363E-03,0,3.9634E-01,1.3211E-03
2012-09-27 12:45:37.973,0,3.0488E-02,1.2098E-01,0,0.0,0.0,0,6.0976E-02,1.3141E-02,0,1.2195E-01,7.8678E-03,0,4.5732E-01,5.0813E-03,0,6.7073E-01,2.2358E-03
2012-09-27 12:46:10.740,0,0.0,0.0,0,0.0,0.0,0,2.4390E-01,5.2565E-02,0,1.8293E-01,1.1802E-02,0,3.9634E-01,4.4038E-03,0,5.4878E-01,1.8293E-03
2012-09-27 12:46:43.507,0,3.0488E-02,1.2098E-01,0,0.0,0.0,0,6.0976E-02,1.3141E-02,0,2.4390E-01,1.5736E-02,0,2.7439E-01,3.0488E-03,0,6.4024E-01,2.1342E-03
2012-09-27 12:47:16.277,0,3.0488E-02,1.2098E-01,0,0.0,0.0,0,6.0976E-02,1.3141E-02,0,2.1342E-01,1.3769E-02,0,2.4390E-01,2.7100E-03,0,6.0976E-01,2.0325E-03
2012-09-27 12:47:49.043,0,0.0,0.0,0,3.0488E-02,9.3809E-02,0,9.1463E-02,1.9712E-02,0,2.7439E-01,1.7703E-02,0,4.5732E-01,5.0813E-03,0,3.6585E-01,1.2195E-03
2012-09-27 12:48:21.810,0,3.0488E-02,1.2098E-01,0,0.0,0.0,0,1.5244E-01,3.2853E-02,0,1.8293E-01,1.1802E-02,0,3.6585E-01,4.0650E-03,0,7.0122E-01,2.3374E-03
2012-09-27 12:48:54.577,0,3.0488E-02,1.2098E-01,0,0.0,0.0,0,1.5244E-01,3.2853E-02,0,2.1342E-01,1.3769E-02,0,3.0488E-01,3.3875E-03,0,4.5732E-01,1.5244E-03
2012-09-27 12:49:27.347,0,3.0488E-02,1.2098E-01,0,3.0488E-02,9.3809E-02,0,9.1463E-02,1.9712E-02,0,2.1342E-01,1.3769E-02,0,2.7439E-01,3.0488E-03,0,5.1829E-01,1.7276E-03
2012-09-27 12:50:00.113,0,0.0,0.0,0,3.0488E-02,9.3809E-02,0,3.0488E-02,6.5707E-03,0,1.8293E-01,1.1802E-02,0,3.6585E-01,4.0650E-03,0,6.7073E-01,2.2358E-03
2012-09-27 12:50:32.880,0,0.0,0.0,0,3.0488E-02,9.3809E-02,0,1.8293E-01,3.9424E-02,0,2.1342E-01,1.3769E-02,0,3.6585E-01,4.0650E-03,0,3.9634E-01,1.3211E-03
2012-09-27 12:51:05.647,0,3.0488E-02,1.2098E-01,0,0.0,0.0,0,6.0976E-02,1.3141E-02,0,3.0488E-01,1.9670E-02,0,6.7073E-01,7.4526E-03,0,6.0976E-01,2.0325E-03
2012-09-27 12:51:38.417,0,0.0,0.0,0,0.0,0.0,0,9.1463E-02,1.9712E-02,0,1.5244E-01,9.8348E-03,0,4.8780E-01,5.4200E-03,0,5.7927E-01,1.9309E-03
2012-09-27 12:52:11.183,0,6.0976E-02,2.4197E-01,0,0.0,0.0,0,1.2195E-01,2.6283E-02,0,2.4390E-01,1.5736E-02,0,3.6585E-01,4.0650E-03,0,5.1829E-01,1.7276E-03
2012-09-27 12:52:43.950,0,0.0,0.0,0,0.0,0.0,0,6.0976E-02,1.3141E-02,0,1.5244E-01,9.8348E-03,0,4.5732E-01,5.0813E-03,0,7.9268E-01,2.6423E-03
2012-09-27 12:53:16.717,0,0.0,0.0,0,3.0488E-02,9.3809E-02,0,1.2195E-01,2.6283E-02,0,2.4390E-01,1.5736E-02,0,4.2683E-01,4.7426E-03,0,7.0122E-01,2.3374E-03
2012-09-27 12:53:49.487,0,0.0,0.0,0,0.0,0.0,0,6.0976E-02,1.3141E-02,0,9.1463E-02,5.9009E-03,0,4.2683E-01,4.7426E-03,0,5.1829E-01,1.7276E-03
2012-09-27 12:54:22.253,0,3.0488E-02,1.2098E-01,0,0.0,0.0,0,1.5244E-01,3.2853E-02,0,1.8293E-01,1.1802E-02,0,5.4878E-01,6.0976E-03,0,4.2683E-01,1.4228E-03
2012-09-27 12:54:55.020,0,0.0,0.0,0,0.0,0.0,0,2.1342E-01,4.5994E-02,0,9.1463E-02,5.9009E-03,0,3.6585E-01,4.0650E-03,0,9.1463E-01,3.0488E-03
2012-09-27 12:55:27.787,0,3.0488E-02,1.2098E-01,0,0.0,0.0,0,1.5244E-01,3.2853E-02,0,2.7439E-01,1.7703E-02,0,4.8780E-01,5.4200E-03,0,5.1829E-01,1.7276E-03
2012-09-27 12:56:00.557,0,0.0,0.0,0,3.0488E-02,9.3809E-02,0,1.2195E-01,2.6283E-02,0,1.8293E-01,1.1802E-02,0,3.3537E-01,3.7263E-03,0,5.4878E-01,1.8293E-03
2012-09-27 12:56:33.323,0,0.0,0.0,0,0.0,0.0,0,1.5244E-01,3.2853E-02,0,2.1342E-01,1.3769E-02,0,3.9634E-01,4.4038E-03,0,6.0976E-01,2.0325E-03
2012-09-27 12:57:06.090,0,3.0488E-02,1.2098E-01,0,3.0488E-02,9.3809E-02,0,3.0488E-02,6.5707E-03,0,1.8293E-01,1.1802E-02,0,4.2683E-01,4.7426E-03,0,4.8780E-01,1.6260E-03
2012-09-27 12:57:38.860,0,9.1463E-02,3.6295E-01,0,6.0976E-02,1.8762E-01,0,9.1463E-02,1.9712E-02,0,1.8293E-01,1.1802E-02,0,3.6585E-01,4.0650E-03,0,6.0976E-01,2.0325E-03
2012-09-27 12:58:11.627,0,0.0,0.0,0,3.0488E-02,9.3809E-02,0,9.1463E-02,1.9712E-02,0,3.3537E-01,2.1636E-02,0,3.0488E-01,3.3875E-03,0,4.8780E-01,1.6260E-03
2012-09-27 12:58:44.393,0,3.0488E-02,1.2098E-01,0,0.0,0.0,0,6.0976E-02,1.3141E-02,0,1.2195E-01,7.8678E-03,0,4.5732E-01,5.0813E-03,0,5.4878E-01,1.8293E-03
2012-09-27 12:59:17.160,0,0.0,0.0,0,6.0976E-02,1.8762E-01,0,6.0976E-02,1.3141E-02,0,9.1463E-02,5.9009E-03,0,6.0976E-01,6.7751E-03,0,3.9634E-01,1.3211E-03
2012-09-27 12:59:49.930,0,0.0,0.0,0,3.0488E-02,9.3809E-02,0,3.0488E-02,6.5707E-03,0,1.5244E-01,9.8348E-03,0,3.9634E-01,4.4038E-03,0,6.0976E-01,2.0325E-03
2012-09-27 13:00:22.697,0,3.0488E-02,1.2098E-01,0,0.0,0.0,0,6.0976E-02,1.3141E-02,0,3.0488E-01,1.9670E-02,0,3.9634E-01,4.4038E-03,0,5.4878E-01,1.8293E-03
2012-09-27 13:00:55.463,0,0.0,0.0,0,0.0,0.0,0,6.0976E-02,1.3141E-02,0,3.6585E-01,2.3604E-02,0,3.6585E-01,4.0650E-03,0,7.3171E-01,2.4390E-03
2012-09-27 13:01:28.233,0,6.0976E-02,2.4197E-01,0,3.0488E-02,9.3809E-02,0,2.1342E-01,4.5994E-02,0,2.1342E-01,1.3769E-02,0,2.7439E-01,3.0488E-03,0,8.8415E-01,2.9471E-03
2012-09-27 13:02:01.000,0,0.0,0.0,0,0.0,0.0,0,9.1463E-02,1.9712E-02,0,2.4390E-01,1.5736E-02,0,3.9634E-01,4.4038E-03,0,6.4024E-01,2.1342E-03
2012-09-27 13:02:33.767,0,0.0,0.0,0,3.0488E-02,9.3809E-02,0,2.1342E-01,4.5994E-02,0,3.6585E-01,2.3604E-02,0,3.0488E-01,3.3875E-03,0,6.7073E-01,2.2358E-03
2012-09-27 13:03:06.533,0,0.0,0.0,0,0.0,0.0,0,6.0976E-02,1.3141E-02,0,2.7439E-01,1.7703E-02,0,2.7439E-01,3.0488E-03,0,5.7927E-01,1.9309E-03
2012-09-27 13:03:39.303,0,3.0488E-02,1.2098E-01,0,0.0,0.0,0,1.2195E-01,2.6283E-02,0,2.7439E-01,1.7703E-02,0,4.8780E-01,5.4200E-03,0,8.2317E-01,2.7439E-03
2012-09-27 13:04:12.070,0,0.0,0.0,0,0.0,0.0,0,9.1463E-02,1.9712E-02,0,3.0488E-01,1.9670E-02,0,3.6585E-01,4.0650E-03,0,7.6220E-01,2.5407E-03
2012-09-27 13:04:44.837,0,3.0488E-02,1.2098E-01,0,3.0488E-02,9.3809E-02,0,1.2195E-01,2.6283E-02,0,1.5244E-01,9.8348E-03,0,2.7439E-01,3.0488E-03,0,7.9268E-01,2.6423E-03
2012-09-27 13:05:17.607,0,0.0,0.0,0,0.0,0.0,0,3.0488E-02,6.5707E-03,0,9.1463E-02,5.9009E-03,0,4.5732E-01,5.0813E-03,0,4.2683E-01,1.4228E-03
2012-09-27 13:05:50.373,0,0.0,0.0,0,3.0488E-02,9.3809E-02,0,1.5244E-01,3.2853E-02,0,9.1463E-02,5.9009E-03,0,3.9634E-01,4.4038E-03,0,7.0122E-01,2.3374E-03
2012-09-27 13:06:23.140,0,0.0,0.0,0,3.0488E-02,9.3809E-02,0,6.0976E-02,1.3141E-02,0,3.0488E-01,1.9670E-02,0,5.4878E-01,6.0976E-03,0,4.8780E-01,1.6260E-03
2012-09-27 13:06:55.907,0,3.0488E-02,1.2098E-01,0,0.0,0.0,0,9.1463E-02,1.9712E-02,0,6.0976E-02,3.9339E-03,0,4.8780E-01,5.4200E-03,0,6.0976E-01,2.0325E-03
2012-09-27 13:07:28.677,0,3.0488E-02,1.2098E-01,0,0.0,0.0,0,1.8293E-01,3.9424E-02,0,1.5244E-01,9.8348E-03,0,4.8780E-01,5.4200E-03,0,5.4878E-01,1.8293E-03
2012-09-27 13:08:01.443,0,3.0488E-02,1.2098E-01,0,3.0488E-02,9.3809E-02,0,6.0976E-02,1.3141E-02,0,3.0488E-01,1.9670E-02,0,2.7439E-01,3.0488E-03,0,6.0976E-01,2.0325E-03
2012-09-27 13:08:34.210,0,0.0,0.0,0,0.0,0.0,0,6.0976E-02,1.3141E-02,0,9.1463E-02,5.9009E-03,0,3.3537E-01,3.7263E-03,0,4.2683E-01,1.4228E-03
2012-09-27 13:09:06.977,0,3.0488E-02,1.2098E-01,0,9.1463E-02,2.8143E-01,0,3.0488E-02,6.5707E-03,0,1.2195E-01,7.8678E-03,0,3.3537E-01,3.7263E-03,0,4.8780E-01,1.6260E-03
2012-09-27 13:09:39.747,0,0.0,0.0,0,3.0488E-02,9.3809E-02,0,1.8293E-01,3.9424E-02,0,1.8293E-01,1.1802E-02,0,4.5732E-01,5.0813E-03,0,7.3171E-01,2.4390E-03
2012-09-27 13:10:12.513,0,0.0,0.0,0,0.0,0.0,0,3.0488E-02,6.5707E-03,0,1.8293E-01,1.1802E-02,0,3.6585E-01,4.0650E-03,0,4.8780E-01,1.6260E-03
2012-09-27 13:10:45.280,0,0.0,0.0,0,0.0,0.0,0,9.1463E-02,1.9712E-02,0,1.5244E-01,9.8348E-03,0,3.9634E-01,4.4038E-03,0,6.7073E-01,2.2358E-03
2012-09-27 13:11:18.047,0,3.0488E-02,1.2098E-01,0,0.0,0.0,0,1.2195E-01,2.6283E-02,0,1.8293E-01,1.1802E-02,0,4.5732E-01,5.0813E-03,0,5.7927E-01,1.9309E-03
2012-09-27 13:11:50.817,0,0.0,0.0,0,0.0,0.0,0,6.0976E-02,1.3141E-02,0,2.1342E-01,1.3769E-02,0,3.3537E-01,3.7263E-03,0,5.1829E-01,1.7276E-03
2012-09-27 13:12:23.583,0,0.0,0.0,0,0.0,0.0,0,9.1463E-02,1.9712E-02,0,1.2195E-01,7.8678E-03,0,4.2683E-01,4.7426E-03,0,6.0976E-01,2.0325E-03
2012-09-27 13:12:56.350,0,0.0,0.0,0,0.0,0.0,0,1.5244E-01,3.2853E-02,0,2.7439E-01,1.7703E-02,0,4.2683E-01,4.7426E-03,0,6.4024E-01,2.1342E-03
2012-09-27 13:13:29.117,0,0.0,0.0,0,0.0,0.0,0,1.2195E-01,2.6283E-02,0,2.7439E-01,1.7703E-02,0,1.8293E-01,2.0325E-03,0,5.4878E-01,1.8293E-03
2012-09-27 13:14:01.887,0,6.0976E-02,2.4197E-01,0,0.0,0.0,0,3.0488E-02,6.5707E-03,0,1.8293E-01,1.1802E-02,0,4.8780E-01,5.4200E-03,0,6.7073E-01,2.2358E-03
2012-09-27 13:14:34.653,0,0.0,0.0,0,9.1463E-02,2.8143E-01,0,3.0488E-02,6.5707E-03,0,1.8293E-01,1.1802E-02,0,5.1829E-01,5.7588E-03,0,6.7073E-01,2.2358E-03
2012-09-27 13:15:07.420,0,0.0,0.0,0,0.0,0.0,0,6.0976E-02,1.3141E-02,0,2.1342E-01,1.3769E-02,0,4.2683E-01,4.7426E-03,0,3.6585E-01,1.2195E-03
2012-09-27 13:15:40.190,0,3.0488E-02,1.2098E-01,0,0.0,0.0,0,1.8293E-01,3.9424E-02,0,2.4390E-01,1.5736E-02,0,3.6585E-01,4.0650E-03,0,9.1463E-01,3.0488E-03
2012-09-27 13:16:12.957,0,0.0,0.0,0,3.0488E-02,9.3809E-02,0,9.1463E-02,1.9712E-02,0,2.4390E-01,1.5736E-02,0,3.3537E-01,3.7263E-03,0,4.8780E-01,1.6260E-03
2012-09-27 13:16:45.723,0,3.0488E-02,1.2098E-01,0,0.0,0.0,0,3.0488E-02,6.5707E-03,0,1.8293E-01,1.1802E-02,0,2.7439E-01,3.0488E-03,0,5.1829E-01,1.7276E-03
2012-09-27 13:17:18.490,0,0.0,0.0,0,3.0488E-02,9.3809E-02,0,0.0,0.0,0,1.8293E-01,1.1802E-02,0,3.6585E-01,4.0650E-03,0,5.1829E-01,1.7276E-03
2012-09-27 13:17:51.260,0,0.0,0.0,0,0.0,0.0,0,3.0488E-02,6.5707E-03,0,9.1463E-02,5.9009E-03,0,2.4390E-01,2.7100E-03,0,7.0122E-01,2.3374E-03
2012-09-27 13:18:24.027,0,3.0488E-02,1.2098E-01,0,3.0488E-02,9.3809E-02,0,6.0976E-02,1.3141E-02,0,1.5244E-01,9.8348E-03,0,4.8780E-01,5.4200E-03,0,6.0976E-01,2.0325E-03
2012-09-27 13:18:56.793,0,3.0488E-02,1.2098E-01,0,0.0,0.0,0,1.5244E-01,3.2853E-02,0,1.5244E-01,9.8348E-03,0,3.9634E-01,4.4038E-03,0,5.4878E-01,1.8293E-03
2012-09-27 13:19:29.563,0,3.0488E-02,1.2098E-01,0,0.0,0.0,0,6.0976E-02,1.3141E-02,0,1.5244E-01,9.8348E-03,0,2.1342E-01,2.3713E-03,0,6.4024E-01,2.1342E-03
2012-09-27 13:20:02.330,0,3.0488E-02,1.2098E-01,0,0.0,0.0,0,9.1463E-02,1.9712E-02,0,1.2195E-01,7.8678E-03,0,4.2683E-01,4.7426E-03,0,3.6585E-01,1.2195E-03
2012-09-27 13:20:35.097,0,3.0488E-02,1.2098E-01,0,0.0,0.0,0,1.2195E-01,2.6283E-02,0,2.7439E-01,1.7703E-02,0,3.0488E-01,3.3875E-03,0,5.7927E-01,1.9309E-03
2012-09-27 13:21:07.863,0,3.0488E-02,1.2098E-01,0,0.0,0.0,0,9.1463E-02,1.9712E-02,0,2.7439E-01,1.7703E-02,0,1.2195E-01,1.3550E-03,0,5.7927E-01,1.9309E-03
2012-09-27 13:21:40.633,0,3.0488E-02,1.2098E-01,0,0.0,0.0,0,3.0488E-02,6.5707E-03,0,9.1463E-02,5.9009E-03,0,4.2683E-01,4.7426E-03,0,4.8780E-01,1.6260E-03
2012-09-27 13:22:13.400,0,3.0488E-02,1.2098E-01,0,0.0,0.0,0,6.0976E-02,1.3141E-02,0,2.7439E-01,1.7703E-02,0,6.0976E-01,6.7751E-03,0,5.7927E-01,1.9309E-03
2012-09-27 13:22:46.167,0,3.0488E-02,1.2098E-01,0,0.0,0.0,0,0.0,0.0,0,1.5244E-01,9.8348E-03,0,2.1342E-01,2.3713E-03,0,9.9085E-01,3.3029E-03
2012-09-27 13:23:18.937,0,3.0488E-02,1.2098E-01,0,6.0976E-02,1.8762E-01,0,6.0976E-02,1.3141E-02,0,6.0976E-02,3.9339E-03,0,5.4878E-01,6.0976E-03,0,7.3171E-01,2.4390E-03
2012-09-27 13:23:51.703,0,3.0488E-02,1.2098E-01,0,0.0,0.0,0,2.4390E-01,5.2565E-02,0,9.1463E-02,5.9009E-03,0,4.8780E-01,5.4200E-03,0,4.2683E-01,1.4228E-03
2012-09-27 13:24:24.470,0,0.0,0.0,0,0.0,0.0,0,9.1463E-02,1.9712E-02,0,6.0976E-02,3.9339E-03,0,3.9634E-01,4.4038E-03,0,6.4024E-01,2.1342E-03
2012-09-27 13:24:57.237,0,1.2195E-01,4.8393E-01,0,0.0,0.0,0,6.0976E-02,1.3141E-02,0,3.6585E-01,2.3604E-02,0,3.6585E-01,4.0650E-03,0,6.7073E-01,2.2358E-03
2012-09-27 13:25:30.007,0,6.0976E-02,2.4197E-01,0,0.0,0.0,0,6.0976E-02,1.3141E-02,0,2.4390E-01,1.5736E-02,0,2.4390E-01,2.7100E-03,0,5.4878E-01,1.8293E-03
2012-09-27 13:26:02.773,0,0.0,0.0,0,0.0,0.0,0,6.0976E-02,1.3141E-02,0,2.4390E-01,1.5736E-02,0,3.0488E-01,3.3875E-03,0,5.7927E-01,1.9309E-03
2012-09-27 13:26:35.540,0,0.0,0.0,0,9.1463E-02,2.8143E-01,0,3.0488E-02,6.5707E-03,0,2.7439E-01,1.7703E-02,0,3.0488E-01,3.3875E-03,0,5.7927E-01,1.9309E-03
2012-09-27 13:27:08.307,0,0.0,0.0,0,3.0488E-02,9.3809E-02,0,9.1463E-02,1.9712E-02,0,3.6585E-01,2.3604E-02,0,3.9634E-01,4.4038E-03,0,7.0122E-01,2.3374E-03
2012-09-27 13:27:41.077,0,6.0976E-02,2.4197E-01,0,3.0488E-02,9.3809E-02,0,1.8293E-01,3.9424E-02,0,3.0488E-01,1.9670E-02,0,3.9634E-01,4.4038E-03,0,4.8780E-01,1.6260E-03
2012-09-27 13:28:13.843,0,0.0,0.0,0,3.0488E-02,9.3809E-02,0,6.0976E-02,1.3141E-02,0,1.5244E-01,9.8348E-03,0,5.1829E-01,5.7588E-03,0,3.6585E-01,1.2195E-03
2012-09-27 13:28:46.610,0,3.0488E-02,1.2098E-01,0,0.0,0.0,0,6.0976E-02,1.3141E-02,0,9.1463E-02,5.9009E-03,0,4.2683E-01,4.7426E-03,0,7.0122E-01,2.3374E-03
2012-09-27 13:29:19.377,0,0.0,0.0,0,0.0,0.0,0,9.1463E-02,1.9712E-02,0,2.1342E-01,1.3769E-02,0,4.2683E-01,4.7426E-03,0,4.8780E-01,1.6260E-03
2012-09-27 13:29:52.147,0,0.0,0.0,0,3.0488E-02,9.3809E-02,0,1.5244E-01,3.2853E-02,0,3.6585E-01,2.3604E-02,0,3.6585E-01,4.0650E-03,0,4.8780E-01,1.6260E-03
2012-09-27 13:30:24.913,0,0.0,0.0,0,0.0,0.0,0,0.0,0.0,0,9.1463E-02,5.9009E-03,0,3.6585E-01,4.0650E-03,0,6.4024E-01,2.1342E-03
2012-09-27 13:30:57.680,0,0.0,0.0,0,0.0,0.0,0,9.1463E-02,1.9712E-02,0,2.1342E-01,1.3769E-02,0,1.8293E-01,2.0325E-03,0,7.6220E-01,2.5407E-03
2012-09-27 13:31:30.450,0,0.0,0.0,0,3.0488E-02,9.3809E-02,0,6.0976E-02,1.3141E-02,0,1.8293E-01,1.1802E-02,0,3.9634E-01,4.4038E-03,0,7.0122E-01,2.3374E-03
2012-09-27 13:32:03.217,0,1.2195E-01,4.8393E-01,0,3.0488E-02,9.3809E-02,0,6.0976E-02,1.3141E-02,0,1.8293E-01,1.1802E-02,0,9.1463E-02,1.0163E-03,0,7.3171E-01,2.4390E-03
2012-09-27 13:32:35.983,0,3.0488E-02,1.2098E-01,0,0.0,0.0,0,6.0976E-02,1.3141E-02,0,1.8293E-01,1.1802E-02,0,2.7439E-01,3.0488E-03,0,6.7073E-01,2.2358E-03
2012-09-27 13:33:08.750,0,6.0976E-02,2.4197E-01,0,3.0488E-02,9.3809E-02,0,6.0976E-02,1.3141E-02,0,1.8293E-01,1.1802E-02,0,3.9634E-01,4.4038E-03,0,7.0122E-01,2.3374E-03
2012-09-27 13:33:41.520,0,0.0,0.0,0,0.0,0.0,0,9.1463E-02,1.9712E-02,0,9.1463E-02,5.9009E-03,0,3.0488E-01,3.3875E-03,0,6.7073E-01,2.2358E-03
2012-09-27 13:34:14.287,0,3.0488E-02,1.2098E-01,0,3.0488E-02,9.3809E-02,0,1.2195E-01,2.6283E-02,0,1.8293E-01,1.1802E-02,0,2.4390E-01,2.7100E-03,0,4.8780E-01,1.6260E-03
2012-09-27 13:34:47.053,0,0.0,0.0,0,3.0488E-02,9.3809E-02,0,3.0488E-02,6.5707E-03,0,9.1463E-02,5.9009E-03,0,2.7439E-01,3.0488E-03,0,7.3171E-01,2.4390E-03
2012-09-27 13:35:19.823,0,3.0488E-02,1.2098E-01,0,0.0,0.0,0,6.0976E-02,1.3141E-02,0,1.8293E-01,1.1802E-02,0,3.6585E-01,4.0650E-03,0,6.7073E-01,2.2358E-03
2012-09-27 13:35:52.590,0,0.0,0.0,0,3.0488E-02,9.3809E-02,0,6.0976E-02,1.3141E-02,0,2.1342E-01,1.3769E-02,0,5.1829E-01,5.7588E-03,0,5.1829E-01,1.7276E-03
2012-09-27 13:36:25.357,0,3.0488E-02,1.2098E-01,0,0.0,0.0,0,1.8293E-01,3.9424E-02,0,2.7439E-01,1.7703E-02,0,4.5732E-01,5.0813E-03,0,5.1829E-01,1.7276E-03
2012-09-27 13:36:58.123,0,3.0488E-02,1.2098E-01,0,0.0,0.0,0,3.0488E-02,6.5707E-03,0,2.1342E-01,1.3769E-02,0,3.0488E-01,3.3875E-03,0,4.8780E-01,1.6260E-03
2012-09-27 13:37:30.893,0,3.0488E-02,1.2098E-01,0,0.0,0.0,0,9.1463E-02,1.9712E-02,0,2.1342E-01,1.3769E-02,0,3.6585E-01,4.0650E-03,0,7.6220E-01,2.5407E-03
2012-09-27 13:38:03.660,0,0.0,0.0,0,0.0,0.0,0,9.1463E-02,1.9712E-02,0,9.1463E-02,5.9009E-03,0,4.2683E-01,4.7426E-03,0,5.1829E-01,1.7276E-03
2012-09-27 13:38:36.427,0,0.0,0.0,0,0.0,0.0,0,9.1463E-02,1.9712E-02,0,1.5244E-01,9.8348E-03,0,3.9634E-01,4.4038E-03,0,7.9268E-01,2.6423E-03
2012-09-27 13:39:09.197,0,3.0488E-02,1.2098E-01,0,0.0,0.0,0,3.0488E-02,6.5707E-03,0,1.5244E-01,9.8348E-03,0,4.2683E-01,4.7426E-03,0,8.2317E-01,2.7439E-03
2012-09-27 13:39:41.963,0,0.0,0.0,0,3.0488E-02,9.3809E-02,0,1.5244E-01,3.2853E-02,0,2.1342E-01,1.3769E-02,0,3.6585E-01,4.0650E-03,0,4.8780E-01,1.6260E-03
2012-09-27 13:40:14.730,0,0.0,0.0,0,3.0488E-02,9.3809E-02,0,6.0976E-02,1.3141E-02,0,1.8293E-01,1.1802E-02,0,4.8780E-01,5.4200E-03,0,5.1829E-01,1.7276E-03
2012-09-27 13:40:47.497,0,0.0,0.0,0,3.0488E-02,9.3809E-02,0,1.5244E-01,3.2853E-02,0,1.5244E-01,9.8348E-03,0,3.6585E-01,4.0650E-03,0,3.0488E-01,1.0163E-03
2012-09-27 13:41:20.267,0,6.0976E-02,2.4197E-01,0,0.0,0.0,0,1.5244E-01,3.2853E-02,0,1.2195E-01,7.8678E-03,0,1.8293E-01,2.0325E-03,0,4.2683E-01,1.4228E-03
2012-09-27 13:41:53.033,0,0.0,0.0,0,6.0976E-02,1.8762E-01,0,6.0976E-02,1.3141E-02,0,1.5244E-01,9.8348E-03,0,3.9634E-01,4.4038E-03,0,3.6585E-01,1.2195E-03
2012-09-27 13:42:25.800,0,0.0,0.0,0,0.0,0.0,0,1.5244E-01,3.2853E-02,0,9.1463E-02,5.9009E-03,0,2.7439E-01,3.0488E-03,0,2.7439E-01,9.1463E-04
2012-09-27 13:42:58.567,0,0.0,0.0,0,0.0,0.0,0,6.0976E-02,1.3141E-02,0,9.1463E-02,5.9009E-03,0,4.5732E-01,5.0813E-03,0,4.8780E-01,1.6260E-03
2012-09-27 13:43:31.337,0,3.0488E-02,1.2098E-01,0,0.0,0.0,0,1.2195E-01,2.6283E-02,0,3.6585E-01,2.3604E-02,0,3.9634E-01,4.4038E-03,0,6.4024E-01,2.1342E-03
2012-09-27 13:44:04.103,0,0.0,0.0,0,3.0488E-02,9.3809E-02,0,3.0488E-02,6.5707E-03,0,2.4390E-01,1.5736E-02,0,3.9634E-01,4.4038E-03,0,6.4024E-01,2.1342E-03
2012-09-27 13:44:36.870,0,6.0976E-02,2.4197E-01,0,0.0,0.0,0,6.0976E-02,1.3141E-02,0,2.7439E-01,1.7703E-02,0,3.9634E-01,4.4038E-03,0,3.6585E-01,1.2195E-03
2012-09-27 13:45:09.637,0,3.0488E-02,1.2098E-01,0,3.0488E-02,9.3809E-02,0,6.0976E-02,1.3141E-02,0,1.8293E-01,1.1802E-02,0,7.3171E-01,8.1301E-03,0,7.9268E-01,2.6423E-03
2012-09-27 13:45:42.407,0,0.0,0.0,0,0.0,0.0,0,0.0,0.0,0,1.5244E-01,9.8348E-03,0,2.4390E-01,2.7100E-03,0,6.4024E-01,2.1342E-03
2012-09-27 13:46:15.173,0,0.0,0.0,0,0.0,0.0,0,1.5244E-01,3.2853E-02,0,1.2195E-01,7.8678E-03,0,2.4390E-01,2.7100E-03,0,5.1829E-01,1.7276E-03
2012-09-27 13:46:47.940,0,0.0,0.0,0,0.0,0.0,0,3.0488E-02,6.5707E-03,0,3.0488E-01,1.9670E-02,0,4.8780E-01,5.4200E-03,0,7.9268E-01,2.6423E-03
2012-09-27 13:47:20.710,0,3.0488E-02,1.2098E-01,0,6.0976E-02,1.8762E-01,0,9.1463E-02,1.9712E-02,0,3.9634E-01,2.5570E-02,0,2.4390E-01,2.7100E-03,0,7.9268E-01,2.6423E-03
2012-09-27 13:47:53.477,0,3.0488E-02,1.2098E-01,0,0.0,0.0,0,6.0976E-02,1.3141E-02,0,2.4390E-01,1.5736E-02,0,6.0976E-02,6.7751E-04,0,6.4024E-01,2.1342E-03
2012-09-27 13:48:26.243,0,3.0488E-02,1.2098E-01,0,0.0,0.0,0,0.0,0.0,0,1.5244E-01,9.8348E-03,0,4.2683E-01,4.7426E-03,0,6.0976E-01,2.0325E-03
2012-09-27 13:48:59.010,0,6.0976E-02,2.4197E-01,0,0.0,0.0,0,2.1342E-01,4.5994E-02,0,2.1342E-01,1.3769E-02,0,1.2195E-01,1.3550E-03,0,4.2683E-01,1.4228E-03
2012-09-27 13:49:31.780,0,3.0488E-02,1.2098E-01,0,0.0,0.0,0,9.1463E-02,1.9712E-02,0,1.2195E-01,7.8678E-03,0,3.3537E-01,3.7263E-03,0,7.3171E-01,2.4390E-03
2012-09-27 13:50:04.547,0,6.0976E-02,2.4197E-01,0,0.0,0.0,0,9.1463E-02,1.9712E-02,0,9.1463E-02,5.9009E-03,0,3.6585E-01,4.0650E-03,0,6.4024E-01,2.1342E-03
2012-09-27 13:50:37.313,0,0.0,0.0,0,0.0,0.0,0,1.2195E-01,2.6283E-02,0,2.4390E-01,1.5736E-02,0,2.4390E-01,2.7100E-03,0,5.4878E-01,1.8293E-03
2012-09-27 13:51:10.083,0,0.0,0.0,0,3.0488E-02,9.3809E-02,0,3.0488E-02,6.5707E-03,0,2.1342E-01,1.3769E-02,0,3.6585E-01,4.0650E-03,0,2.1342E-01,7.1138E-04
2012-09-27 13:51:42.850,0,0.0,0.0,0,0.0,0.0,0,1.8293E-01,3.9424E-02,0,2.1342E-01,1.3769E-02,0,3.9634E-01,4.4038E-03,0,6.4024E-01,2.1342E-03
2012-09-27 13:52:15.617,0,3.0488E-02,1.2098E-01,0,0.0,0.0,0,9.1463E-02,1.9712E-02,0,9.1463E-02,5.9009E-03,0,3.3537E-01,3.7263E-03,0,5.4878E-01,1.8293E-03
2012-09-27 13:52:48.387,0,0.0,0.0,0,0.0,0.0,0,6.0976E-02,1.3141E-02,0,2.7439E-01,1.7703E-02,0,2.4390E-01,2.7100E-03,0,5.7927E-01,1.9309E-03
2012-09-27 13:53:21.153,0,6.0976E-02,2.4197E-01,0,0.0,0.0,0,3.0488E-02,6.5707E-03,0,1.8293E-01,1.1802E-02,0,3.0488E-01,3.3875E-03,0,4.2683E-01,1.4228E-03
2012-09-27 13:53:53.920,0,0.0,0.0,0,0.0,0.0,0,9.1463E-02,1.9712E-02,0,1.8293E-01,1.1802E-02,0,3.0488E-01,3.3875E-03,0,7.3171E-01,2.4390E-03
2012-09-27 13:54:26.687,0,0.0,0.0,0,0.0,0.0,0,9.1463E-02,1.9712E-02,0,2.1342E-01,1.3769E-02,0,3.0488E-01,3.3875E-03,0,6.7073E-01,2.2358E-03
2012-09-27 13:54:59.457,0,0.0,0.0,0,0.0,0.0,0,9.1463E-02,1.9712E-02,0,1.5244E-01,9.8348E-03,0,4.8780E-01,5.4200E-03,0,6.0976E-01,2.0325E-03
2012-09-27 13:55:32.223,0,0.0,0.0,0,0.0,0.0,0,3.0488E-02,6.5707E-03,0,3.0488E-01,1.9670E-02,0,3.9634E-01,4.4038E-03,0,6.7073E-01,2.2358E-03
2012-09-27 13:56:04.990,0,3.0488E-02,1.2098E-01,0,0.0,0.0,0,3.0488E-02,6.5707E-03,0,1.8293E-01,1.1802E-02,0,4.2683E-01,4.7426E-03,0,4.8780E-01,1.6260E-03
2012-09-27 13:56:37.757,0,0.0,0.0,0,3.0488E-02,9.3809E-02,0,0.0,0.0,0,9.1463E-02,5.9009E-03,0,3.6585E-01,4.0650E-03,0,5.4878E-01,1.8293E-03
2012-09-27 13:57:10.527,0,3.0488E-02,1.2098E-01,0,6.0976E-02,1.8762E-01,0,0.0,0.0,0,1.8293E-01,1.1802E-02,0,2.4390E-01,2.7100E-03,0,6.0976E-01,2.0325E-03
2012-09-27 13:57:43.293,0,3.0488E-02,1.2098E-01,0,0.0,0.0,0,9.1463E-02,1.9712E-02,0,2.1342E-01,1.3769E-02,0,3.9634E-01,4.4038E-03,0,5.4878E-01,1.8293E-03
2012-09-27 13:58:16.060,0,0.0,0.0,0,3.0488E-02,9.3809E-02,0,6.0976E-02,1.3141E-02,0,1.8293E-01,1.1802E-02,0,4.2683E-01,4.7426E-03,0,4.5732E-01,1.5244E-03
2012-09-27 13:58:48.827,0,0.0,0.0,0,0.0,0.0,0,6.0976E-02,1.3141E-02,0,2.1342E-01,1.3769E-02,0,2.4390E-01,2.7100E-03,0,5.7927E-01,1.9309E-03
2012-09-27 13:59:21.597,0,3.0488E-02,1.2098E-01,0,0.0,0.0,0,9.1463E-02,1.9712E-02,0,2.4390E-01,1.5736E-02,0,3.0488E-01,3.3875E-03,0,6.4024E-01,2.1342E-03
2012-09-27 13:59:54.363,0,3.0488E-02,1.2098E-01,0,0.0,0.0,0,9.1463E-02,1.9712E-02,0,1.5244E-01,9.8348E-03,0,3.0488E-01,3.3875E-03,0,4.8780E-01,1.6260E-03
2012-09-27 14:00:27.130,0,0.0,0.0,0,0.0,0.0,0,3.0488E-02,6.5707E-03,0,1.5244E-01,9.8348E-03,0,1.8293E-01,2.0325E-03,0,4.8780E-01,1.6260E-03
2012-09-27 14:00:59.897,0,3.0488E-02,1.2098E-01,0,0.0,0.0,0,1.2195E-01,2.6283E-02,0,1.5244E-01,9.8348E-03,0,3.0488E-01,3.3875E-03,0,5.7927E-01,1.9309E-03
2012-09-27 14:01:32.667,0,3.0488E-02,1.2098E-01,0,0.0,0.0,0,6.0976E-02,1.3141E-02,0,6.0976E-02,3.9339E-03,0,4.5732E-01,5.0813E-03,0,3.6585E-01,1.2195E-03
2012-09-27 14:02:05.433,0,6.0976E-02,2.4197E-01,0,0.0,0.0,0,6.0976E-02,1.3141E-02,0,1.8293E-01,1.1802E-02,0,3.3537E-01,3.7263E-03,0,6.0976E-01,2.0325E-03
2012-09-27 14:02:38.200,0,0.0,0.0,0,0.0,0.0,0,9.1463E-02,1.9712E-02,0,2.7439E-01,1.7703E-02,0,3.6585E-01,4.0650E-03,0,6.4024E-01,2.1342E-03
2012-09-27 14:03:10.970,0,0.0,0.0,0,3.0488E-02,9.3809E-02,0,0.0,0.0,0,1.5244E-01,9.8348E-03,0,2.7439E-01,3.0488E-03,0,6.7073E-01,2.2358E-03
2012-09-27 14:03:43.737,0,9.1463E-02,3.6295E-01,0,0.0,0.0,0,0.0,0.0,0,3.0488E-01,1.9670E-02,0,1.8293E-01,2.0325E-03,0,6.7073E-01,2.2358E-03
2012-09-27 14:04:16.503,0,3.0488E-02,1.2098E-01,0,0.0,0.0,0,6.0976E-02,1.3141E-02,0,2.7439E-01,1.7703E-02,0,3.6585E-01,4.0650E-03,0,4.2683E-01,1.4228E-03
2012-09-27 14:04:49.273,0,3.0488E-02,1.2098E-01,0,0.0,0.0,0,3.0488E-02,6.5707E-03,0,1.8293E-01,1.1802E-02,0,3.9634E-01,4.4038E-03,0,7.0122E-01,2.3374E-03
2012-09-27 14:05:22.040,0,3.0488E-02,1.2098E-01,0,3.0488E-02,9.3809E-02,0,6.0976E-02,1.3141E-02,0,1.8293E-01,1.1802E-02,0,3.9634E-01,4.4038E-03,0,5.1829E-01,1.7276E-03
2012-09-27 14:05:54.807,0,3.0488E-02,1.2098E-01,0,0.0,0.0,0,0.0,0.0,0,2.7439E-01,1.7703E-02,0,3.3537E-01,3.7263E-03,0,6.7073E-01,2.2358E-03
2012-09-27 14:06:27.573,0,3.0488E-02,1.2098E-01,0,0.0,0.0,0,3.0488E-02,6.5707E-03,0,3.0488E-01,1.9670E-02,0,4.2683E-01,4.7426E-03,0,6.7073E-01,2.2358E-03
2012-09-27 14:07:00.343,0,3.0488E-02,1.2098E-01,0,3.0488E-02,9.3809E-02,0,1.2195E-01,2.6283E-02,0,9.1463E-02,5.9009E-03,0,3.0488E-01,3.3875E-03,0,3.9634E-01,1.3211E-03
2012-09-27 14:07:33.110,0,0.0,0.0,0,0.0,0.0,0,6.0976E-02,1.3141E-02,0,2.4390E-01,1.5736E-02,0,3.3537E-01,3.7263E-03,0,5.7927E-01,1.9309E-03
2012-09-27 14:08:05.877,0,3.0488E-02,1.2098E-01,0,0.0,0.0,0,3.0488E-02,6.5707E-03,0,1.5244E-01,9.8348E-03,0,3.6585E-01,4.0650E-03,0,6.7073E-01,2.2358E-03
2012-09-27 14:08:38.647,0,0.0,0.0,0,0.0,0.0,0,9.1463E-02,1.9712E-02,0,1.2195E-01,7.8678E-03,0,3.6585E-01,4.0650E-03,0,4.2683E-01,1.4228E-03
2012-09-27 14:09:11.413,0,3.0488E-02,1.2098E-01,0,3.0488E-02,9.3809E-02,0,3.0488E-02,6.5707E-03,0,3.0488E-01,1.9670E-02,0,3.3537E-01,3.7263E-03,0,6.0976E-01,2.0325E-03
2012-09-27 14:09:44.180,0,3.0488E-02,1.2098E-01,0,3.0488E-02,9.3809E-02,0,3.0488E-02,6.5707E-03,0,1.5244E-01,9.8348E-03,0,4.5732E-01,5.0813E-03,0,5.1829E-01,1.7276E-03
2012-09-27 14:10:16.947,0,0.0,0.0,0,3.0488E-02,9.3809E-02,0,6.0976E-02,1.3141E-02,0,2.7439E-01,1.7703E-02,0,3.0488E-01,3.3875E-03,0,6.4024E-01,2.1342E-03
2012-09-27 14:10:49.717,0,6.0976E-02,2.4197E-01,0,0.0,0.0,0,3.0488E-02,6.5707E-03,0,2.1342E-01,1.3769E-02,0,4.2683E-01,4.7426E-03,0,6.0976E-01,2.0325E-03
2012-09-27 14:11:22.483,0,0.0,0.0,0,3.0488E-02,9.3809E-02,0,1.2195E-01,2.6283E-02,0,1.2195E-01,7.8678E-03,0,4.2683E-01,4.7426E-03,0,8.8415E-01,2.9471E-03
2012-09-27 14:11:55.250,0,0.0,0.0,0,0.0,0.0,0,1.5244E-01,3.2853E-02,0,9.1463E-02,5.9009E-03,0,4.8780E-01,5.4200E-03,0,5.7927E-01,1.9309E-03
2012-09-27 14:12:28.017,0,3.0488E-02,1.2098E-01,0,3.0488E-02,9.3809E-02,0,0.0,0.0,0,9.1463E-02,5.9009E-03,0,7.3171E-01,8.1301E-03,0,5.1829E-01,1.7276E-03
2012-09-27 14:13:00.787,0,3.0488E-02,1.2098E-01,0,0.0,0.0,0,9.1463E-02,1.9712E-02,0,2.4390E-01,1.5736E-02,0,4.5732E-01,5.0813E-03,0,6.0976E-01,2.0325E-03
2012-09-27 14:13:33.553,0,0.0,0.0,0,0.0,0.0,0,1.8293E-01,3.9424E-02,0,6.0976E-02,3.9339E-03,0,2.4390E-01,2.7100E-03,0,6.4024E-01,2.1342E-03
2012-09-27 14:14:06.320,0,6.0976E-02,2.4197E-01,0,3.0488E-02,9.3809E-02,0,9.1463E-02,1.9712E-02,0,9.1463E-02,5.9009E-03,0,5.4878E-01,6.0976E-03,0,6.4024E-01,2.1342E-03
2012-09-27 14:14:39.087,0,0.0,0.0,0,0.0,0.0,0,6.0976E-02,1.3141E-02,0,6.0976E-02,3.9339E-03,0,3.0488E-01,3.3875E-03,0,6.4024E-01,2.1342E-03
2012-09-27 14:15:11.857,0,3.0488E-02,1.2098E-01,0,3.0488E-02,9.3809E-02,0,3.0488E-02,6.5707E-03,0,1.8293E-01,1.1802E-02,0,2.7439E-01,3.0488E-03,0,4.5732E-01,1.5244E-03
2012-09-27 14:15:44.623,0,0.0,0.0,0,0.0,0.0,0,1.5244E-01,3.2853E-02,0,6.0976E-02,3.9339E-03,0,3.3537E-01,3.7263E-03,0,5.1829E-01,1.7276E-03
2012-09-27 14:16:17.390,0,6.0976E-02,2.4197E-01,0,3.0488E-02,9.3809E-02,0,6.0976E-02,1.3141E-02,0,1.8293E-01,1.1802E-02,0,2.7439E-01,3.0488E-03,0,5.4878E-01,1.8293E-03
2012-09-27 14:16:50.160,0,0.0,0.0,0,0.0,0.0,0,6.0976E-02,1.3141E-02,0,3.3537E-01,2.1636E-02,0,2.7439E-01,3.0488E-03,0,7.9268E-01,2.6423E-03
2012-09-27 14:17:22.927,0,0.0,0.0,0,3.0488E-02,9.3809E-02,0,1.8293E-01,3.9424E-02,0,2.1342E-01,1.3769E-02,0,3.9634E-01,4.4038E-03,0,6.0976E-01,2.0325E-03
2012-09-27 14:17:55.693,0,9.1463E-02,3.6295E-01,0,0.0,0.0,0,9.1463E-02,1.9712E-02,0,1.5244E-01,9.8348E-03,0,2.4390E-01,2.7100E-03,0,6.7073E-01,2.2358E-03
2012-09-27 14:18:28.463,0,3.0488E-02,1.2098E-01,0,0.0,0.0,0,0.0,0.0,0,1.2195E-01,7.8678E-03,0,6.0976E-01,6.7751E-03,0,6.7073E-01,2.2358E-03
2012-09-27 14:19:01.230,0,0.0,0.0,0,6.0976E-02,1.8762E-01,0,6.0976E-02,1.3141E-02,0,2.1342E-01,1.3769E-02,0,2.7439E-01,3.0488E-03,0,3.6585E-01,1.2195E-03
2012-09-27 14:19:33.997,0,0.0,0.0,0,0.0,0.0,0,3.0488E-02,6.5707E-03,0,2.4390E-01,1.5736E-02,0,3.3537E-01,3.7263E-03,0,5.4878E-01,1.8293E-03
2012-09-27 14:20:06.767,0,9.1463E-02,3.6295E-01,0,0.0,0.0,0,6.0976E-02,1.3141E-02,0,1.5244E-01,9.8348E-03,0,1.8293E-01,2.0325E-03,0,5.7927E-01,1.9309E-03
2012-09-27 14:20:39.533,0,3.0488E-02,1.2098E-01,0,3.0488E-02,9.3809E-02,0,6.0976E-02,1.3141E-02,0,6.0976E-02,3.9339E-03,0,3.3537E-01,3.7263E-03,0,6.7073E-01,2.2358E-03
2012-09-27 14:21:12.300,0,3.0488E-02,1.2098E-01,0,0.0,0.0,0,1.2195E-01,2.6283E-02,0,4.5732E-01,2.9504E-02,0,3.6585E-01,4.0650E-03,0,9.9085E-01,3.3029E-03
2012-09-27 14:21:45.067,0,3.0488E-02,1.2098E-01,0,3.0488E-02,9.3809E-02,0,6.0976E-02,1.3141E-02,0,9.1463E-02,5.9009E-03,0,5.4878E-01,6.0976E-03,0,5.1829E-01,1.7276E-03
2012-09-27 14:22:17.837,0,3.0488E-02,1.2098E-01,0,3.0488E-02,9.3809E-02,0,9.1463E-02,1.9712E-02,0,2.4390E-01,1.5736E-02,0,4.2683E-01,4.7426E-03,0,4.8780E-01,1.6260E-03
2012-09-27 14:22:50.603,0,0.0,0.0,0,0.0,0.0,0,6.0976E-02,1.3141E-02,0,1.5244E-01,9.8348E-03,0,2.4390E-01,2.7100E-03,0,5.4878E-01,1.8293E-03
2012-09-27 14:23:23.370,0,6.0976E-02,2.4197E-01,0,0.0,0.0,0,9.1463E-02,1.9712E-02,0,1.2195E-01,7.8678E-03,0,3.9634E-01,4.4038E-03,0,7.0122E-01,2.3374E-03
2012-09-27 14:23:56.137,0,3.0488E-02,1.2098E-01,0,0.0,0.0,0,1.5244E-01,3.2853E-02,0,1.2195E-01,7.8678E-03,0,3.9634E-01,4.4038E-03,0,7.6220E-01,2.5407E-03
2012-09-27 14:24:28.907,0,3.0488E-02,1.2098E-01,0,3.0488E-02,9.3809E-02,0,1.5244E-01,3.2853E-02,0,1.8293E-01,1.1802E-02,0,3.3537E-01,3.7263E-03,0,7.3171E-01,2.4390E-03
2012-09-27 14:25:01.673,0,0.0,0.0,0,3.0488E-02,9.3809E-02,0,3.0488E-02,6.5707E-03,0,2.4390E-01,1.5736E-02,0,3.9634E-01,4.4038E-03,0,5.7927E-01,1.9309E-03
2012-09-27 14:25:34.440,0,0.0,0.0,0,0.0,0.0,0,1.2195E-01,2.6283E-02,0,1.8293E-01,1.1802E-02,0,4.2683E-01,4.7426E-03,0,5.7927E-01,1.9309E-03
2012-09-27 14:26:07.207,0,0.0,0.0,0,0.0,0.0,0,1.5244E-01,3.2853E-02,0,1.8293E-01,1.1802E-02,0,3.3537E-01,3.7263E-03,0,4.8780E-01,1.6260E-03
2012-09-27 14:26:39.977,0,0.0,0.0,0,3.0488E-02,9.3809E-02,0,1.2195E-01,2.6283E-02,0,1.2195E-01,7.8678E-03,0,2.1342E-01,2.3713E-03,0,4.5732E-01,1.5244E-03
2012-09-27 14:27:12.743,0,6.0976E-02,2.4197E-01,0,3.0488E-02,9.3809E-02,0,6.0976E-02,1.3141E-02,0,1.8293E-01,1.1802E-02,0,3.0488E-01,3.3875E-03,0,6.7073E-01,2.2358E-03
2012-09-27 14:27:45.510,0,0.0,0.0,0,6.0976E-02,1.8762E-01,0,9.1463E-02,1.9712E-02,0,6.0976E-02,3.9339E-03,0,4.8780E-01,5.4200E-03,0,7.6220E-01,2.5407E-03
2012-09-27 14:28:18.280,0,3.0488E-02,1.2098E-01,0,0.0,0.0,0,6.0976E-02,1.3141E-02,0,1.8293E-01,1.1802E-02,0,3.3537E-01,3.7263E-03,0,6.0976E-01,2.0325E-03
2012-09-27 14:28:51.047,0,0.0,0.0,0,3.0488E-02,9.3809E-02,0,3.0488E-02,6.5707E-03,0,1.5244E-01,9.8348E-03,0,4.8780E-01,5.4200E-03,0,7.0122E-01,2.3374E-03
2012-09-27 14:29:23.813,0,0.0,0.0,0,0.0,0.0,0,1.2195E-01,2.6283E-02,0,1.5244E-01,9.8348E-03,0,2.7439E-01,3.0488E-03,0,5.7927E-01,1.9309E-03
2012-09-27 14:29:56.580,0,6.0976E-02,2.4197E-01,0,6.0976E-02,1.8762E-01,0,1.2195E-01,2.6283E-02,0,2.4390E-01,1.5736E-02,0,5.4878E-01,6.0976E-03,0,7.3171E-01,2.4390E-03
2012-09-27 14:30:29.350,0,6.0976E-02,2.4197E-01,0,3.0488E-02,9.3809E-02,0,0.0,0.0,0,2.4390E-01,1.5736E-02,0,5.4878E-01,6.0976E-03,0,4.8780E-01,1.6260E-03
2012-09-27 14:31:02.117,0,0.0,0.0,0,3.0488E-02,9.3809E-02,0,9.1463E-02,1.9712E-02,0,3.0488E-01,1.9670E-02,0,2.7439E-01,3.0488E-03,0,7.3171E-01,2.4390E-03
2012-09-27 14:31:34.883,0,3.0488E-02,1.2098E-01,0,0.0,0.0,0,6.0976E-02,1.3141E-02,0,2.4390E-01,1.5736E-02,0,6.0976E-01,6.7751E-03,0,5.1829E-01,1.7276E-03
2012-09-27 14:32:07.653,0,0.0,0.0,0,0.0,0.0,0,0.0,0.0,0,1.5244E-01,9.8348E-03,0,1.5244E-01,1.6938E-03,0,5.7927E-01,1.9309E-03
2012-09-27 14:32:40.420,0,6.0976E-02,2.4197E-01,0,3.0488E-02,9.3809E-02,0,1.8293E-01,3.9424E-02,0,2.1342E-01,1.3769E-02,0,2.7439E-01,3.0488E-03,0,4.5732E-01,1.5244E-03
2012-09-27 14:33:13.187,0,3.0488E-02,1.2098E-01,0,0.0,0.0,0,9.1463E-02,1.9712E-02,0,2.4390E-01,1.5736E-02,0,3.6585E-01,4.0650E-03,0,9.4512E-01,3.1504E-03
2012-09-27 14:33:45.957,0,3.0488E-02,1.2098E-01,0,0.0,0.0,0,1.2195E-01,2.6283E-02,0,3.3537E-01,2.1636E-02,0,5.1829E-01,5.7588E-03,0,7.3171E-01,2.4390E-03
2012-09-27 14:34:18.723,0,0.0,0.0,0,0.0,0.0,0,1.5244E-01,3.2853E-02,0,2.4390E-01,1.5736E-02,0,3.0488E-01,3.3875E-03,0,7.0122E-01,2.3374E-03
2012-09-27 14:34:51.490,0,0.0,0.0,0,0.0,0.0,0,3.0488E-02,6.5707E-03,0,2.1342E-01,1.3769E-02,0,3.6585E-01,4.0650E-03,0,7.0122E-01,2.3374E-03
2012-09-27 14:35:24.257,0,3.0488E-02,1.2098E-01,0,3.0488E-02,9.3809E-02,0,9.1463E-02,1.9712E-02,0,9.1463E-02,5.9009E-03,0,4.2683E-01,4.7426E-03,0,4.2683E-01,1.4228E-03
2012-09-27 14:35:57.027,0,6.0976E-02,2.4197E-01,0,0.0,0.0,0,1.8293E-01,3.9424E-02,0,1.2195E-01,7.8678E-03,0,3.9634E-01,4.4038E-03,0,4.2683E-01,1.4228E-03
2012-09-27 14:36:29.793,0,3.0488E-02,1.2098E-01,0,0.0,0.0,0,1.2195E-01,2.6283E-02,0,2.1342E-01,1.3769E-02,0,4.8780E-01,5.4200E-03,0,6.0976E-01,2.0325E-03
2012-09-27 14:37:02.560,0,0.0,0.0,0,0.0,0.0,0,3.0488E-02,6.5707E-03,0,1.8293E-01,1.1802E-02,0,5.1829E-01,5.7588E-03,0,8.5366E-01,2.8455E-03
2012-09-27 14:37:35.327,0,3.0488E-02,1.2098E-01,0,0.0,0.0,0,3.0488E-02,6.5707E-03,0,1.2195E-01,7.8678E-03,0,3.0488E-01,3.3875E-03,0,5.1829E-01,1.7276E-03
2012-09-27 14:38:08.097,0,0.0,0.0,0,0.0,0.0,0,1.5244E-01,3.2853E-02,0,1.2195E-01,7.8678E-03,0,3.6585E-01,4.0650E-03,0,7.0122E-01,2.3374E-03
2012-09-27 14:38:40.863,0,3.0488E-02,1.2098E-01,0,0.0,0.0,0,1.8293E-01,3.9424E-02,0,1.5244E-01,9.8348E-03,0,3.3537E-01,3.7263E-03,0,7.6220E-01,2.5407E-03
2012-09-27 14:39:13.630,0,0.0,0.0,0,0.0,0.0,0,1.5244E-01,3.2853E-02,0,6.0976E-02,3.9339E-03,0,3.0488E-01,3.3875E-03,0,6.0976E-01,2.0325E-03
2012-09-27 14:39:46.400,0,0.0,0.0,0,0.0,0.0,0,3.0488E-02,6.5707E-03,0,2.1342E-01,1.3769E-02,0,4.8780E-01,5.4200E-03,0,5.1829E-01,1.7276E-03
2012-09-27 14:40:19.167,0,0.0,0.0,0,0.0,0.0,0,6.0976E-02,1.3141E-02,0,1.8293E-01,1.1802E-02,0,4.5732E-01,5.0813E-03,0,4.5732E-01,1.5244E-03
2012-09-27 14:40:51.933,0,3.0488E-02,1.2098E-01,0,0.0,0.0,0,0.0,0.0,0,6.0976E-02,3.9339E-03,0,4.5732E-01,5.0813E-03,0,6.7073E-01,2.2358E-03
2012-09-27 14:41:24.700,0,0.0,0.0,0,0.0,0.0,0,6.0976E-02,1.3141E-02,0,2.7439E-01,1.7703E-02,0,4.5732E-01,5.0813E-03,0,4.5732E-01,1.5244E-03
2012-09-27 14:41:57.470,0,0.0,0.0,0,3.0488E-02,9.3809E-02,0,0.0,0.0,0,1.8293E-01,1.1802E-02,0,2.1342E-01,2.3713E-03,0,5.7927E-01,1.9309E-03
2012-09-27 14:42:30.237,0,3.0488E-02,1.2098E-01,0,3.0488E-02,9.3809E-02,0,9.1463E-02,1.9712E-02,0,1.2195E-01,7.8678E-03,0,3.6585E-01,4.0650E-03,0,4.8780E-01,1.6260E-03
2012-09-27 14:43:03.003,0,3.0488E-02,1.2098E-01,0,3.0488E-02,9.3809E-02,0,6.0976E-02,1.3141E-02,0,9.1463E-02,5.9009E-03,0,4.5732E-01,5.0813E-03,0,6.0976E-01,2.0325E-03
2012-09-27 14:43:35.773,0,0.0,0.0,0,0.0,0.0,0,1.2195E-01,2.6283E-02,0,1.8293E-01,1.1802E-02,0,4.2683E-01,4.7426E-03,0,5.1829E-01,1.7276E-03
2012-09-27 14:44:08.540,0,6.0976E-02,2.4197E-01,0,0.0,0.0,0,9.1463E-02,1.9712E-02,0,2.7439E-01,1.7703E-02,0,4.2683E-01,4.7426E-03,0,5.4878E-01,1.8293E-03
2012-09-27 14:44:41.307,0,3.0488E-02,1.2098E-01,0,0.0,0.0,0,1.8293E-01,3.9424E-02,0,1.8293E-01,1.1802E-02,0,5.4878E-01,6.0976E-03,0,5.7927E-01,1.9309E-03
2012-09-27 14:45:14.077,0,6.0976E-02,2.4197E-01,0,0.0,0.0,0,1.2195E-01,2.6283E-02,0,9.1463E-02,5.9009E-03,0,4.5732E-01,5.0813E-03,0,5.1829E-01,1.7276E-03
2012-09-27 14:45:46.843,0,0.0,0.0,0,0.0,0.0,0,1.8293E-01,3.9424E-02,0,2.7439E-01,1.7703E-02,0,3.9634E-01,4.4038E-03,0,6.4024E-01,2.1342E-03
2012-09-27 14:46:19.610,0,6.0976E-02,2.4197E-01,0,6.0976E-02,1.8762E-01,0,6.0976E-02,1.3141E-02,0,3.3537E-01,2.1636E-02,0,3.0488E-01,3.3875E-03,0,4.2683E-01,1.4228E-03
2012-09-27 14:46:52.377,0,3.0488E-02,1.2098E-01,0,3.0488E-02,9.3809E-02,0,9.1463E-02,1.9712E-02,0,2.1342E-01,1.3769E-02,0,2.7439E-01,3.0488E-03,0,3.9634E-01,1.3211E-03
2012-09-27 14:47:25.147,0,6.0976E-02,2.4197E-01,0,3.0488E-02,9.3809E-02,0,3.0488E-02,6.5707E-03,0,3.0488E-01,1.9670E-02,0,4.5732E-01,5.0813E-03,0,7.3171E-01,2.4390E-03
2012-09-27 14:47:57.913,0,9.1463E-02,3.6295E-01,0,3.0488E-02,9.3809E-02,0,2.1342E-01,4.5994E-02,0,2.1342E-01,1.3769E-02,0,3.3537E-01,3.7263E-03,0,4.8780E-01,1.6260E-03
2012-09-27 14:48:30.680,0,0.0,0.0,0,6.0976E-02,1.8762E-01,0,6.0976E-02,1.3141E-02,0,1.8293E-01,1.1802E-02,0,2.4390E-01,2.7100E-03,0,5.1829E-01,1.7276E-03
2012-09-27 14:49:03.447,0,3.0488E-02,1.2098E-01,0,3.0488E-02,9.3809E-02,0,3.0488E-02,6.5707E-03,0,1.8293E-01,1.1802E-02,0,3.3537E-01,3.7263E-03,0,6.0976E-01,2.0325E-03
2012-09-27 14:49:36.217,0,0.0,0.0,0,0.0,0.0,0,9.1463E-02,1.9712E-02,0,3.3537E-01,2.1636E-02,0,3.9634E-01,4.4038E-03,0,6.4024E-01,2.1342E-03
2012-09-27 14:50:08.983,0,3.0488E-02,1.2098E-01,0,0.0,0.0,0,9.1463E-02,1.9712E-02,0,1.2195E-01,7.8678E-03,0,3.6585E-01,4.0650E-03,0,5.4878E-01,1.8293E-03
2012-09-27 14:50:41.750,0,6.0976E-02,2.4197E-01,0,0.0,0.0,0,3.0488E-02,6.5707E-03,0,1.2195E-01,7.8678E-03,0,2.7439E-01,3.0488E-03,0,3.0488E-01,1.0163E-03
2012-09-27 14:51:14.520,0,6.0976E-02,2.4197E-01,0,0.0,0.0,0,6.0976E-02,1.3141E-02,0,1.5244E-01,9.8348E-03,0,3.3537E-01,3.7263E-03,0,5.1829E-01,1.7276E-03
2012-09-27 14:51:47.287,0,3.0488E-02,1.2098E-01,0,0.0,0.0,0,6.0976E-02,1.3141E-02,0,6.0976E-02,3.9339E-03,0,4.5732E-01,5.0813E-03,0,5.4878E-01,1.8293E-03
2012-09-27 14:52:20.053,0,6.0976E-02,2.4197E-01,0,0.0,0.0,0,6.0976E-02,1.3141E-02,0,2.4390E-01,1.5736E-02,0,2.1342E-01,2.3713E-03,0,4.5732E-01,1.5244E-03
2012-09-27 14:52:52.820,0,6.0976E-02,2.4197E-01,0,3.0488E-02,9.3809E-02,0,6.0976E-02,1.3141E-02,0,1.8293E-01,1.1802E-02,0,4.5732E-01,5.0813E-03,0,5.7927E-01,1.9309E-03
2012-09-27 14:53:25.590,0,3.0488E-02,1.2098E-01,0,0.0,0.0,0,3.0488E-02,6.5707E-03,0,1.8293E-01,1.1802E-02,0,2.7439E-01,3.0488E-03,0,5.1829E-01,1.7276E-03
2012-09-27 14:53:58.357,0,3.0488E-02,1.2098E-01,0,0.0,0.0,0,1.5244E-01,3.2853E-02,0,3.6585E-01,2.3604E-02,0,1.8293E-01,2.0325E-03,0,6.0976E-01,2.0325E-03
2012-09-27 14:54:31.123,0,3.0488E-02,1.2098E-01,0,3.0488E-02,9.3809E-02,0,0.0,0.0,0,1.5244E-01,9.8348E-03,0,3.3537E-01,3.7263E-03,0,6.0976E-01,2.0325E-03
2012-09-27 14:55:03.893,0,0.0,0.0,0,6.0976E-02,1.8762E-01,0,1.2195E-01,2.6283E-02,0,3.0488E-01,1.9670E-02,0,4.5732E-01,5.0813E-03,0,4.5732E-01,1.5244E-03
2012-09-27 14:55:36.660,0,0.0,0.0,0,0.0,0.0,0,6.0976E-02,1.3141E-02,0,3.0488E-01,1.9670E-02,0,3.9634E-01,4.4038E-03,0,7.3171E-01,2.4390E-03
2012-09-27 14:56:09.427,0,0.0,0.0,0,0.0,0.0,0,3.0488E-02,6.5707E-03,0,2.4390E-01,1.5736E-02,0,4.8780E-01,5.4200E-03,0,9.1463E-01,3.0488E-03
2012-09-27 14:56:42.197,0,0.0,0.0,0,0.0,0.0,0,1.2195E-01,2.6283E-02,0,2.7439E-01,1.7703E-02,0,2.7439E-01,3.0488E-03,0,8.2317E-01,2.7439E-03
2012-09-27 14:57:14.963,0,0.0,0.0,0,0.0,0.0,0,0.0,0.0,0,2.1342E-01,1.3769E-02,0,3.0488E-01,3.3875E-03,0,4.5732E-01,1.5244E-03
2012-09-27 14:57:47.730,0,0.0,0.0,0,0.0,0.0,0,1.5244E-01,3.2853E-02,0,2.1342E-01,1.3769E-02,0,3.0488E-01,3.3875E-03,0,5.4878E-01,1.8293E-03
2012-09-27 14:58:20.497,0,9.1463E-02,3.6295E-01,0,3.0488E-02,9.3809E-02,0,9.1463E-02,1.9712E-02,0,2.4390E-01,1.5736E-02,0,5.4878E-01,6.0976E-03,0,6.0976E-01,2.0325E-03
2012-09-27 14:58:53.267,0,3.0488E-02,1.2098E-01,0,0.0,0.0,0,1.5244E-01,3.2853E-02,0,1.2195E-01,7.8678E-03,0,4.5732E-01,5.0813E-03,0,4.5732E-01,1.5244E-03
2012-09-27 14:59:26.033,0,9.1463E-02,3.6295E-01,0,0.0,0.0,0,6.0976E-02,1.3141E-02,0,9.1463E-02,5.9009E-03,0,3.6585E-01,4.0650E-03,0,3.9634E-01,1.3211E-03
2012-09-27 14:59:58.800,0,3.0488E-02,1.2098E-01,0,0.0,0.0,0,6.0976E-02,1.3141E-02,0,2.7439E-01,1.7703E-02,0,2.7439E-01,3.0488E-03,0,6.0976E-01,2.0325E-03
2012-09-27 15:00:31.567,0,3.0488E-02,1.2098E-01,0,0.0,0.0,0,6.0976E-02,1.3141E-02,0,2.1342E-01,1.3769E-02,0,2.4390E-01,2.7100E-03,0,3.6585E-01,1.2195E-03
2012-09-27 15:01:04.337,0,6.0976E-02,2.4197E-01,0,3.0488E-02,9.3809E-02,0,6.0976E-02,1.3141E-02,0,2.7439E-01,1.7703E-02,0,3.6585E-01,4.0650E-03,0,7.6220E-01,2.5407E-03
2012-09-27 15:01:37.103,0,6.0976E-02,2.4197E-01,0,0.0,0.0,0,6.0976E-02,1.3141E-02,0,1.8293E-01,1.1802E-02,0,6.4024E-01,7.1138E-03,0,5.4878E-01,1.8293E-03
2012-09-27 15:02:09.870,0,6.0976E-02,2.4197E-01,0,0.0,0.0,0,3.0488E-02,6.5707E-03,0,1.2195E-01,7.8678E-03,0,5.7927E-01,6.4363E-03,0,6.7073E-01,2.2358E-03
2012-09-27 15:02:42.640,0,3.0488E-02,1.2098E-01,0,3.0488E-02,9.3809E-02,0,1.2195E-01,2.6283E-02,0,3.3537E-01,2.1636E-02,0,3.0488E-01,3.3875E-03,0,7.6220E-01,2.5407E-03
2012-09-27 15:03:15.407,0,0.0,0.0,0,6.0976E-02,1.8762E-01,0,6.0976E-02,1.3141E-02,0,2.4390E-01,1.5736E-02,0,4.2683E-01,4.7426E-03,0,6.4024E-01,2.1342E-03
2012-09-27 15:03:48.173,0,3.0488E-02,1.2098E-01,0,6.0976E-02,1.8762E-01,0,6.0976E-02,1.3141E-02,0,1.8293E-01,1.1802E-02,0,2.1342E-01,2.3713E-03,0,6.0976E-01,2.0325E-03
2012-09-27 15:04:20.943,0,3.0488E-02,1.2098E-01,0,0.0,0.0,0,6.0976E-02,1.3141E-02,0,1.8293E-01,1.1802E-02,0,3.3537E-01,3.7263E-03,0,7.0122E-01,2.3374E-03
2012-09-27 15:04:53.710,0,3.0488E-02,1.2098E-01,0,0.0,0.0,0,1.5244E-01,3.2853E-02,0,2.1342E-01,1.3769E-02,0,2.4390E-01,2.7100E-03,0,5.1829E-01,1.7276E-03
2012-09-27 15:05:26.477,0,0.0,0.0,0,0.0,0.0,0,6.0976E-02,1.3141E-02,0,3.6585E-01,2.3604E-02,0,3.3537E-01,3.7263E-03,0,4.8780E-01,1.6260E-03
2012-09-27 15:05:59.243,0,3.0488E-02,1.2098E-01,0,0.0,0.0,0,2.1342E-01,4.5994E-02,0,2.1342E-01,1.3769E-02,0,2.4390E-01,2.7100E-03,0,5.4878E-01,1.8293E-03
2012-09-27 15:06:32.013,0,0.0,0.0,0,0.0,0.0,0,9.1463E-02,1.9712E-02,0,1.8293E-01,1.1802E-02,0,4.2683E-01,4.7426E-03,0,5.4878E-01,1.8293E-03
2012-09-27 15:07:04.780,0,0.0,0.0,0,3.0488E-02,9.3809E-02,0,1.2195E-01,2.6283E-02,0,1.2195E-01,7.8678E-03,0,2.7439E-01,3.0488E-03,0,4.2683E-01,1.4228E-03
2012-09-27 15:07:37.547,0,6.0976E-02,2.4197E-01,0,3.0488E-02,9.3809E-02,0,6.0976E-02,1.3141E-02,0,1.5244E-01,9.8348E-03,0,3.0488E-01,3.3875E-03,0,6.4024E-01,2.1342E-03
2012-09-27 15:08:10.317,0,0.0,0.0,0,0.0,0.0,0,1.2195E-01,2.6283E-02,0,2.1342E-01,1.3769E-02,0,5.1829E-01,5.7588E-03,0,6.7073E-01,2.2358E-03
2012-09-27 15:08:43.083,0,3.0488E-02,1.2098E-01,0,0.0,0.0,0,9.1463E-02,1.9712E-02,0,2.4390E-01,1.5736E-02,0,4.2683E-01,4.7426E-03,0,6.4024E-01,2.1342E-03
2012-09-27 15:09:15.850,0,0.0,0.0,0,0.0,0.0,0,9.1463E-02,1.9712E-02,0,2.4390E-01,1.5736E-02,0,4.2683E-01,4.7426E-03,0,5.4878E-01,1.8293E-03
2012-09-27 15:09:48.617,0,0.0,0.0,0,0.0,0.0,0,1.8293E-01,3.9424E-02,0,2.7439E-01,1.7703E-02,0,1.8293E-01,2.0325E-03,0,6.4024E-01,2.1342E-03
2012-09-27 15:10:21.387,0,0.0,0.0,0,0.0,0.0,0,6.0976E-02,1.3141E-02,0,1.5244E-01,9.8348E-03,0,1.8293E-01,2.0325E-03,0,6.0976E-01,2.0325E-03
2012-09-27 15:10:54.153,0,0.0,0.0,0,0.0,0.0,0,3.0488E-02,6.5707E-03,0,2.4390E-01,1.5736E-02,0,3.6585E-01,4.0650E-03,0,5.4878E-01,1.8293E-03
2012-09-27 15:11:26.920,0,6.0976E-02,2.4197E-01,0,0.0,0.0,0,1.8293E-01,3.9424E-02,0,1.5244E-01,9.8348E-03,0,3.6585E-01,4.0650E-03,0,8.5366E-01,2.8455E-03
2012-09-27 15:11:59.687,0,0.0,0.0,0,6.0976E-02,1.8762E-01,0,0.0,0.0,0,1.5244E-01,9.8348E-03,0,1.5244E-01,1.6938E-03,0,5.4878E-01,1.8293E-03
2012-09-27 15:12:32.457,0,6.0976E-02,2.4197E-01,0,0.0,0.0,0,9.1463E-02,1.9712E-02,0,1.8293E-01,1.1802E-02,0,3.9634E-01,4.4038E-03,0,4.8780E-01,1.6260E-03
2012-09-27 15:13:05.223,0,3.0488E-02,1.2098E-01,0,3.0488E-02,9.3809E-02,0,0.0,0.0,0,3.3537E-01,2.1636E-02,0,2.1342E-01,2.3713E-03,0,5.7927E-01,1.9309E-03
2012-09-27 15:13:37.990,0,3.0488E-02,1.2098E-01,0,0.0,0.0,0,3.0488E-02,6.5707E-03,0,2.7439E-01,1.7703E-02,0,3.3537E-01,3.7263E-03,0,5.7927E-01,1.9309E-03
2012-09-27 15:14:10.760,0,0.0,0.0,0,0.0,0.0,0,6.0976E-02,1.3141E-02,0,1.2195E-01,7.8678E-03,0,3.0488E-01,3.3875E-03,0,6.7073E-01,2.2358E-03
2012-09-27 15:14:43.527,0,0.0,0.0,0,0.0,0.0,0,9.1463E-02,1.9712E-02,0,9.1463E-02,5.9009E-03,0,2.7439E-01,3.0488E-03,0,7.3171E-01,2.4390E-03
2012-09-27 15:15:16.293,0,3.0488E-02,1.2098E-01,0,3.0488E-02,9.3809E-02,0,6.0976E-02,1.3141E-02,0,2.4390E-01,1.5736E-02,0,2.7439E-01,3.0488E-03,0,5.1829E-01,1.7276E-03
2012-09-27 15:15:49.063,0,6.0976E-02,2.4197E-01,0,0.0,0.0,0,1.2195E-01,2.6283E-02,0,2.4390E-01,1.5736E-02,0,6.7073E-01,7.4526E-03,0,7.3171E-01,2.4390E-03
2012-09-27 15:16:21.830,0,0.0,0.0,0,0.0,0.0,0,3.0488E-02,6.5707E-03,0,4.5732E-01,2.9504E-02,0,3.3537E-01,3.7263E-03,0,5.4878E-01,1.8293E-03
2012-09-27 15:16:54.597,0,0.0,0.0,0,6.0976E-02,1.8762E-01,0,9.1463E-02,1.9712E-02,0,1.2195E-01,7.8678E-03,0,5.7927E-01,6.4363E-03,0,6.0976E-01,2.0325E-03
2012-09-27 15:17:27.367,0,6.0976E-02,2.4197E-01,0,3.0488E-02,9.3809E-02,0,9.1463E-02,1.9712E-02,0,3.0488E-01,1.9670E-02,0,3.3537E-01,3.7263E-03,0,7.6220E-01,2.5407E-03
2012-09-27 15:18:00.133,0,0.0,0.0,0,3.0488E-02,9.3809E-02,0,3.0488E-02,6.5707E-03,0,1.5244E-01,9.8348E-03,0,4.2683E-01,4.7426E-03,0,6.0976E-01,2.0325E-03
2012-09-27 15:18:32.900,0,0.0,0.0,0,0.0,0.0,0,1.5244E-01,3.2853E-02,0,6.0976E-02,3.9339E-03,0,3.9634E-01,4.4038E-03,0,5.7927E-01,1.9309E-03
2012-09-27 15:19:05.667,0,0.0,0.0,0,0.0,0.0,0,1.8293E-01,3.9424E-02,0,1.8293E-01,1.1802E-02,0,3.3537E-01,3.7263E-03,0,7.0122E-01,2.3374E-03
2012-09-27 15:19:38.437,0,3.0488E-02,1.2098E-01,0,0.0,0.0,0,3.0488E-02,6.5707E-03,0,1.5244E-01,9.8348E-03,0,2.1342E-01,2.3713E-03,0,5.1829E-01,1.7276E-03
2012-09-27 15:20:11.203,0,3.0488E-02,1.2098E-01,0,0.0,0.0,0,3.0488E-02,6.5707E-03,0,6.0976E-02,3.9339E-03,0,3.3537E-01,3.7263E-03,0,5.4878E-01,1.8293E-03
2012-09-27 15:20:43.970,0,0.0,0.0,0,0.0,0.0,0,3.0488E-02,6.5707E-03,0,2.7439E-01,1.7703E-02,0,2.4390E-01,2.7100E-03,0,5.7927E-01,1.9309E-03
2012-09-27 15:21:16.737,0,3.0488E-02,1.2098E-01,0,0.0,0.0,0,2.7439E-01,5.9136E-02,0,1.2195E-01,7.8678E-03,0,3.9634E-01,4.4038E-03,0,5.1829E-01,1.7276E-03
2012-09-27 15:21:49.507,0,0.0,0.0,0,0.0,0.0,0,6.0976E-02,1.3141E-02,0,1.8293E-01,1.1802E-02,0,2.7439E-01,3.0488E-03,0,5.1829E-01,1.7276E-03
2012-09-27 15:22:22.273,0,0.0,0.0,0,3.0488E-02,9.3809E-02,0,6.0976E-02,1.3141E-02,0,1.2195E-01,7.8678E-03,0,2.1342E-01,2.3713E-03,0,7.9268E-01,2.6423E-03
2012-09-27 15:22:55.040,0,3.0488E-02,1.2098E-01,0,3.0488E-02,9.3809E-02,0,6.0976E-02,1.3141E-02,0,2.1342E-01,1.3769E-02,0,4.5732E-01,5.0813E-03,0,4.2683E-01,1.4228E-03
2012-09-27 15:23:27.810,0,3.0488E-02,1.2098E-01,0,6.0976E-02,1.8762E-01,0,0.0,0.0,0,2.1342E-01,1.3769E-02,0,2.4390E-01,2.7100E-03,0,6.0976E-01,2.0325E-03
2012-09-27 15:24:00.577,0,3.0488E-02,1.2098E-01,0,0.0,0.0,0,1.2195E-01,2.6283E-02,0,9.1463E-02,5.9009E-03,0,3.0488E-01,3.3875E-03,0,4.8780E-01,1.6260E-03
2012-09-27 15:24:33.343,0,0.0,0.0,0,0.0,0.0,0,9.1463E-02,1.9712E-02,0,3.3537E-01,2.1636E-02,0,6.4024E-01,7.1138E-03,0,5.1829E-01,1.7276E-03
2012-09-27 15:25:06.113,0,0.0,0.0,0,3.0488E-02,9.3809E-02,0,6.0976E-02,1.3141E-02,0,2.1342E-01,1.3769E-02,0,3.3537E-01,3.7263E-03,0,3.6585E-01,1.2195E-03
2012-09-27 15:25:38.880,0,0.0,0.0,0,0.0,0.0,0,1.2195E-01,2.6283E-02,0,3.0488E-01,1.9670E-02,0,4.2683E-01,4.7426E-03,0,7.0122E-01,2.3374E-03
2012-09-27 15:26:11.647,0,3.0488E-02,1.2098E-01,0,0.0,0.0,0,6.0976E-02,1.3141E-02,0,2.1342E-01,1.3769E-02,0,5.1829E-01,5.7588E-03,0,5.4878E-01,1.8293E-03
2012-09-27 15:26:44.417,0,3.0488E-02,1.2098E-01,0,0.0,0.0,0,3.0488E-02,6.5707E-03,0,2.1342E-01,1.3769E-02,0,3.0488E-01,3.3875E-03,0,7.3171E-01,2.4390E-03
2012-09-27 15:27:17.183,0,3.0488E-02,1.2098E-01,0,0.0,0.0,0,2.1342E-01,4.5994E-02,0,1.2195E-01,7.8678E-03,0,3.9634E-01,4.4038E-03,0,6.7073E-01,2.2358E-03
2012-09-27 15:27:49.950,0,9.1463E-02,3.6295E-01,0,0.0,0.0,0,3.0488E-02,6.5707E-03,0,3.3537E-01,2.1636E-02,0,1.8293E-01,2.0325E-03,0,5.4878E-01,1.8293E-03
2012-09-27 15:28:22.717,0,3.0488E-02,1.2098E-01,0,3.0488E-02,9.3809E-02,0,1.2195E-01,2.6283E-02,0,2.4390E-01,1.5736E-02,0,1.8293E-01,2.0325E-03,0,4.5732E-01,1.5244E-03
2012-09-27 15:28:55.487,0,6.0976E-02,2.4197E-01,0,0.0,0.0,0,1.2195E-01,2.6283E-02,0,1.2195E-01,7.8678E-03,0,3.0488E-01,3.3875E-03,0,5.4878E-01,1.8293E-03
2012-09-27 15:29:28.253,0,6.0976E-02,2.4197E-01,0,0.0,0.0,0,1.2195E-01,2.6283E-02,0,9.1463E-02,5.9009E-03,0,3.9634E-01,4.4038E-03,0,6.0976E-01,2.0325E-03
2012-09-27 15:30:01.020,0,0.0,0.0,0,0.0,0.0,0,6.0976E-02,1.3141E-02,0,1.2195E-01,7.8678E-03,0,3.0488E-01,3.3875E-03,0,5.4878E-01,1.8293E-03
2012-09-27 15:30:33.787,0,3.0488E-02,1.2098E-01,0,0.0,0.0,0,3.0488E-02,6.5707E-03,0,3.0488E-01,1.9670E-02,0,3.9634E-01,4.4038E-03,0,7.6220E-01,2.5407E-03
2012-09-27 15:31:06.557,0,0.0,0.0,0,3.0488E-02,9.3809E-02,0,9.1463E-02,1.9712E-02,0,2.1342E-01,1.3769E-02,0,3.9634E-01,4.4038E-03,0,6.4024E-01,2.1342E-03
2012-09-27 15:31:39.323,0,9.1463E-02,3.6295E-01,0,0.0,0.0,0,6.0976E-02,1.3141E-02,0,1.5244E-01,9.8348E-03,0,2.7439E-01,3.0488E-03,0,1.1128E+00,3.7094E-03
2012-09-27 15:32:12.090,0,6.0976E-02,2.4197E-01,0,0.0,0.0,0,9.1463E-02,1.9712E-02,0,2.4390E-01,1.5736E-02,0,2.7439E-01,3.0488E-03,0,7.0122E-01,2.3374E-03
2012-09-27 15:32:44.860,0,0.0,0.0,0,0.0,0.0,0,1.2195E-01,2.6283E-02,0,2.7439E-01,1.7703E-02,0,3.6585E-01,4.0650E-03,0,6.0976E-01,2.0325E-03
2012-09-27 15:33:17.627,0,0.0,0.0,0,0.0,0.0,0,0.0,0.0,0,2.1342E-01,1.3769E-02,0,3.6585E-01,4.0650E-03,0,5.4878E-01,1.8293E-03
2012-09-27 15:33:50.393,0,0.0,0.0,0,0.0,0.0,0,9.1463E-02,1.9712E-02,0,6.0976E-02,3.9339E-03,0,2.1342E-01,2.3713E-03,0,5.7927E-01,1.9309E-03
2012-09-27 15:34:23.163,0,0.0,0.0,0,3.0488E-02,9.3809E-02,0,9.1463E-02,1.9712E-02,0,2.7439E-01,1.7703E-02,0,3.3537E-01,3.7263E-03,0,5.4878E-01,1.8293E-03
2012-09-27 15:34:55.930,0,3.0488E-02,1.2098E-01,0,0.0,0.0,0,9.1463E-02,1.9712E-02,0,2.4390E-01,1.5736E-02,0,3.6585E-01,4.0650E-03,0,5.1829E-01,1.7276E-03
2012-09-27 15:35:28.697,0,3.0488E-02,1.2098E-01,0,3.0488E-02,9.3809E-02,0,3.0488E-02,6.5707E-03,0,2.1342E-01,1.3769E-02,0,5.1829E-01,5.7588E-03,0,2.1342E-01,7.1138E-04
2012-09-27 15:36:01.463,0,0.0,0.0,0,0.0,0.0,0,9.1463E-02,1.9712E-02,0,1.8293E-01,1.1802E-02,0,3.3537E-01,3.7263E-03,0,6.4024E-01,2.1342E-03
2012-09-27 15:36:34.233,0,3.0488E-02,1.2098E-01,0,0.0,0.0,0,9.1463E-02,1.9712E-02,0,9.1463E-02,5.9009E-03,0,3.0488E-01,3.3875E-03,0,6.7073E-01,2.2358E-03
2012-09-27 15:37:07.000,0,3.0488E-02,1.2098E-01,0,0.0,0.0,0,1.2195E-01,2.6283E-02,0,2.1342E-01,1.3769E-02,0,3.0488E-01,3.3875E-03,0,3.9634E-01,1.3211E-03
2012-09-27 15:37:39.767,0,0.0,0.0,0,3.0488E-02,9.3809E-02,0,6.0976E-02,1.3141E-02,0,2.4390E-01,1.5736E-02,0,5.7927E-01,6.4363E-03,0,8.2317E-01,2.7439E-03
2012-09-27 15:38:12.537,0,0.0,0.0,0,0.0,0.0,0,1.2195E-01,2.6283E-02,0,2.4390E-01,1.5736E-02,0,1.8293E-01,2.0325E-03,0,5.7927E-01,1.9309E-03
2012-09-27 15:38:45.303,0,0.0,0.0,0,0.0,0.0,0,9.1463E-02,1.9712E-02,0,9.1463E-02,5.9009E-03,0,3.0488E-01,3.3875E-03,0,6.0976E-01,2.0325E-03
2012-09-27 15:39:18.070,0,0.0,0.0,0,0.0,0.0,0,6.0976E-02,1.3141E-02,0,9.1463E-02,5.9009E-03,0,2.7439E-01,3.0488E-03,0,3.0488E-01,1.0163E-03
2012-09-27 15:39:50.837,0,0.0,0.0,0,0.0,0.0,0,6.0976E-02,1.3141E-02,0,1.5244E-01,9.8348E-03,0,4.2683E-01,4.7426E-03,0,5.4878E-01,1.8293E-03
2012-09-27 15:40:23.607,0,0.0,0.0,0,3.0488E-02,9.3809E-02,0,9.1463E-02,1.9712E-02,0,2.1342E-01,1.3769E-02,0,3.0488E-01,3.3875E-03,0,5.4878E-01,1.8293E-03
2012-09-27 15:40:56.373,0,0.0,0.0,0,3.0488E-02,9.3809E-02,0,1.2195E-01,2.6283E-02,0,2.4390E-01,1.5736E-02,0,3.3537E-01,3.7263E-03,0,6.0976E-01,2.0325E-03
2012-09-27 15:41:29.140,0,0.0,0.0,0,3.0488E-02,9.3809E-02,0,1.5244E-01,3.2853E-02,0,2.4390E-01,1.5736E-02,0,4.2683E-01,4.7426E-03,0,4.5732E-01,1.5244E-03
2012-09-27 15:42:01.910,0,0.0,0.0,0,3.0488E-02,9.3809E-02,0,0.0,0.0,0,2.4390E-01,1.5736E-02,0,2.7439E-01,3.0488E-03,0,5.7927E-01,1.9309E-03
2012-09-27 15:42:34.677,0,0.0,0.0,0,0.0,0.0,0,2.1342E-01,4.5994E-02,0,2.1342E-01,1.3769E-02,0,4.2683E-01,4.7426E-03,0,5.1829E-01,1.7276E-03
2012-09-27 15:43:07.443,0,0.0,0.0,0,0.0,0.0,0,0.0,0.0,0,2.4390E-01,1.5736E-02,0,3.9634E-01,4.4038E-03,0,5.7927E-01,1.9309E-03
2012-09-27 15:43:40.213,0,0.0,0.0,0,0.0,0.0,0,1.2195E-01,2.6283E-02,0,1.5244E-01,9.8348E-03,0,3.6585E-01,4.0650E-03,0,5.1829E-01,1.7276E-03
2012-09-27 15:44:12.980,0,6.0976E-02,2.4197E-01,0,3.0488E-02,9.3809E-02,0,9.1463E-02,1.9712E-02,0,1.8293E-01,1.1802E-02,0,3.0488E-01,3.3875E-03,0,9.1463E-01,3.0488E-03
2012-09-27 15:44:45.747,0,0.0,0.0,0,0.0,0.0,0,0.0,0.0,0,2.7439E-01,1.7703E-02,0,2.7439E-01,3.0488E-03,0,6.7073E-01,2.2358E-03
2012-09-27 15:45:18.517,0,6.0976E-02,2.4197E-01,0,0.0,0.0,0,9.1463E-02,1.9712E-02,0,1.5244E-01,9.8348E-03,0,3.0488E-01,3.3875E-03,0,6.4024E-01,2.1342E-03
2012-09-27 15:45:51.283,0,3.0488E-02,1.2098E-01,0,0.0,0.0,0,6.0976E-02,1.3141E-02,0,2.4390E-01,1.5736E-02,0,4.2683E-01,4.7426E-03,0,3.6585E-01,1.2195E-03
2012-09-27 15:46:24.050,0,0.0,0.0,0,6.0976E-02,1.8762E-01,0,1.2195E-01,2.6283E-02,0,2.4390E-01,1.5736E-02,0,2.7439E-01,3.0488E-03,0,5.1829E-01,1.7276E-03
2012-09-27 15:46:56.817,0,0.0,0.0,0,3.0488E-02,9.3809E-02,0,3.0488E-02,6.5707E-03,0,1.5244E-01,9.8348E-03,0,3.3537E-01,3.7263E-03,0,7.0122E-01,2.3374E-03
2012-09-27 15:47:29.587,0,9.1463E-02,3.6295E-01,0,3.0488E-02,9.3809E-02,0,1.5244E-01,3.2853E-02,0,2.1342E-01,1.3769E-02,0,3.3537E-01,3.7263E-03,0,6.7073E-01,2.2358E-03
2012-09-27 15:48:02.353,0,0.0,0.0,0,0.0,0.0,0,3.0488E-02,6.5707E-03,0,2.4390E-01,1.5736E-02,0,6.4024E-01,7.1138E-03,0,4.5732E-01,1.5244E-03
2012-09-27 15:48:35.120,0,0.0,0.0,0,0.0,0.0,0,6.0976E-02,1.3141E-02,0,1.2195E-01,7.8678E-03,0,3.3537E-01,3.7263E-03,0,7.0122E-01,2.3374E-03
2012-09-27 15:49:07.887,0,0.0,0.0,0,0.0,0.0,0,6.0976E-02,1.3141E-02,0,1.5244E-01,9.8348E-03,0,3.3537E-01,3.7263E-03,0,7.6220E-01,2.5407E-03
2012-09-27 15:49:40.657,0,6.0976E-02,2.4197E-01,0,6.0976E-02,1.8762E-01,0,1.2195E-01,2.6283E-02,0,2.4390E-01,1.5736E-02,0,6.0976E-01,6.7751E-03,0,4.5732E-01,1.5244E-03
2012-09-27 15:50:13.423,0,0.0,0.0,0,0.0,0.0,0,1.2195E-01,2.6283E-02,0,1.5244E-01,9.8348E-03,0,3.3537E-01,3.7263E-03,0,4.8780E-01,1.6260E-03
2012-09-27 15:50:46.190,0,3.0488E-02,1.2098E-01,0,0.0,0.0,0,1.5244E-01,3.2853E-02,0,1.8293E-01,1.1802E-02,0,2.4390E-01,2.7100E-03,0,7.6220E-01,2.5407E-03
2012-09-27 15:51:18.960,0,0.0,0.0,0,6.0976E-02,1.8762E-01,0,6.0976E-02,1.3141E-02,0,9.1463E-02,5.9009E-03,0,5.7927E-01,6.4363E-03,0,5.4878E-01,1.8293E-03
2012-09-27 15:51:51.727,0,3.0488E-02,1.2098E-01,0,0.0,0.0,0,3.0488E-02,6.5707E-03,0,2.1342E-01,1.3769E-02,0,3.9634E-01,4.4038E-03,0,5.4878E-01,1.8293E-03
2012-09-27 15:52:24.493,0,0.0,0.0,0,3.0488E-02,9.3809E-02,0,1.5244E-01,3.2853E-02,0,1.2195E-01,7.8678E-03,0,2.1342E-01,2.3713E-03,0,4.8780E-01,1.6260E-03
2012-09-27 15:52:57.263,0,3.0488E-02,1.2098E-01,0,0.0,0.0,0,6.0976E-02,1.3141E-02,0,9.1463E-02,5.9009E-03,0,3.3537E-01,3.7263E-03,0,7.3171E-01,2.4390E-03
2012-09-27 15:53:30.030,0,3.0488E-02,1.2098E-01,0,3.0488E-02,9.3809E-02,0,6.0976E-02,1.3141E-02,0,2.1342E-01,1.3769E-02,0,2.7439E-01,3.0488E-03,0,4.5732E-01,1.5244E-03
2012-09-27 15:54:02.797,0,0.0,0.0,0,0.0,0.0,0,0.0,0.0,0,1.8293E-01,1.1802E-02,0,6.4024E-01,7.1138E-03,0,5.4878E-01,1.8293E-03
2012-09-27 15:54:35.567,0,0.0,0.0,0,0.0,0.0,0,6.0976E-02,1.3141E-02,0,1.5244E-01,9.8348E-03,0,2.1342E-01,2.3713E-03,0,6.0976E-01,2.0325E-03
2012-09-27 15:55:08.333,0,6.0976E-02,2.4197E-01,0,6.0976E-02,1.8762E-01,0,6.0976E-02,1.3141E-02,0,1.5244E-01,9.8348E-03,0,4.5732E-01,5.0813E-03,0,6.7073E-01,2.2358E-03
2012-09-27 15:55:41.100,0,3.0488E-02,1.2098E-01,0,0.0,0.0,0,3.0488E-02,6.5707E-03,0,9.1463E-02,5.9009E-03,0,5.1829E-01,5.7588E-03,0,7.3171E-01,2.4390E-03
2012-09-27 15:56:13.867,0,3.0488E-02,1.2098E-01,0,0.0,0.0,0,6.0976E-02,1.3141E-02,0,1.8293E-01,1.1802E-02,0,2.7439E-01,3.0488E-03,0,5.1829E-01,1.7276E-03
2012-09-27 15:56:46.637,0,6.0976E-02,2.4197E-01,0,3.0488E-02,9.3809E-02,0,1.2195E-01,2.6283E-02,0,2.4390E-01,1.5736E-02,0,5.7927E-01,6.4363E-03,0,7.6220E-01,2.5407E-03
2012-09-27 15:57:19.403,0,0.0,0.0,0,6.0976E-02,1.8762E-01,0,1.5244E-01,3.2853E-02,0,2.1342E-01,1.3769E-02,0,4.5732E-01,5.0813E-03,0,5.4878E-01,1.8293E-03
2012-09-27 15:57:52.170,0,0.0,0.0,0,0.0,0.0,0,1.2195E-01,2.6283E-02,0,2.4390E-01,1.5736E-02,0,2.1342E-01,2.3713E-03,0,4.2683E-01,1.4228E-03
2012-09-27 15:58:24.937,0,0.0,0.0,0,0.0,0.0,0,6.0976E-02,1.3141E-02,0,2.4390E-01,1.5736E-02,0,4.2683E-01,4.7426E-03,0,5.4878E-01,1.8293E-03
2012-09-27 15:58:57.707,0,0.0,0.0,0,0.0,0.0,0,1.5244E-01,3.2853E-02,0,1.8293E-01,1.1802E-02,0,3.3537E-01,3.7263E-03,0,6.0976E-01,2.0325E-03
2012-09-27 15:59:30.473,0,0.0,0.0,0,0.0,0.0,0,3.0488E-02,6.5707E-03,0,2.1342E-01,1.3769E-02,0,3.0488E-01,3.3875E-03,0,5.4878E-01,1.8293E-03
2012-09-27 16:00:03.240,0,0.0,0.0,0,3.0488E-02,9.3809E-02,0,6.0976E-02,1.3141E-02,0,1.8293E-01,1.1802E-02,0,5.7927E-01,6.4363E-03,0,5.1829E-01,1.7276E-03
2012-09-27 16:00:36.010,0,3.0488E-02,1.2098E-01,0,0.0,0.0,0,6.0976E-02,1.3141E-02,0,1.8293E-01,1.1802E-02,0,4.8780E-01,5.4200E-03,0,6.4024E-01,2.1342E-03
2012-09-27 16:01:08.777,0,0.0,0.0,0,0.0,0.0,0,6.0976E-02,1.3141E-02,0,6.0976E-02,3.9339E-03,0,4.5732E-01,5.0813E-03,0,3.9634E-01,1.3211E-03
2012-09-27 16:01:41.543,0,0.0,0.0,0,0.0,0.0,0,0.0,0.0,0,3.0488E-01,1.9670E-02,0,4.2683E-01,4.7426E-03,0,3.9634E-01,1.3211E-03
2012-09-27 16:02:14.313,0,9.1463E-02,3.6295E-01,0,0.0,0.0,0,1.5244E-01,3.2853E-02,0,3.3537E-01,2.1636E-02,0,5.7927E-01,6.4363E-03,0,4.2683E-01,1.4228E-03
2012-09-27 16:02:47.080,0,0.0,0.0,0,0.0,0.0,0,9.1463E-02,1.9712E-02,0,1.8293E-01,1.1802E-02,0,3.0488E-01,3.3875E-03,0,6.4024E-01,2.1342E-03
2012-09-27 16:03:19.847,0,3.0488E-02,1.2098E-01,0,0.0,0.0,0,9.1463E-02,1.9712E-02,0,2.1342E-01,1.3769E-02,0,3.0488E-01,3.3875E-03,0,6.7073E-01,2.2358E-03
2012-09-27 16:03:52.617,0,0.0,0.0,0,6.0976E-02,1.8762E-01,0,6.0976E-02,1.3141E-02,0,2.7439E-01,1.7703E-02,0,3.9634E-01,4.4038E-03,0,4.5732E-01,1.5244E-03
2012-09-27 16:04:25.383,0,0.0,0.0,0,3.0488E-02,9.3809E-02,0,6.0976E-02,1.3141E-02,0,2.4390E-01,1.5736E-02,0,2.7439E-01,3.0488E-03,0,5.4878E-01,1.8293E-03
2012-09-27 16:04:58.150,0,3.0488E-02,1.2098E-01,0,0.0,0.0,0,0.0,0.0,0,1.2195E-01,7.8678E-03,0,4.8780E-01,5.4200E-03,0,6.7073E-01,2.2358E-03
2012-09-27 16:05:30.917,0,3.0488E-02,1.2098E-01,0,3.0488E-02,9.3809E-02,0,3.0488E-02,6.5707E-03,0,1.8293E-01,1.1802E-02,0,3.9634E-01,4.4038E-03,0,7.0122E-01,2.3374E-03
2012-09-27 16:06:03.687,0,0.0,0.0,0,3.0488E-02,9.3809E-02,0,6.0976E-02,1.3141E-02,0,1.8293E-01,1.1802E-02,0,2.7439E-01,3.0488E-03,0,6.7073E-01,2.2358E-03
2012-09-27 16:06:36.453,0,3.0488E-02,1.2098E-01,0,0.0,0.0,0,1.2195E-01,2.6283E-02,0,2.7439E-01,1.7703E-02,0,2.4390E-01,2.7100E-03,0,7.0122E-01,2.3374E-03
2012-09-27 16:07:09.220,0,3.0488E-02,1.2098E-01,0,0.0,0.0,0,9.1463E-02,1.9712E-02,0,1.5244E-01,9.8348E-03,0,4.2683E-01,4.7426E-03,0,5.4878E-01,1.8293E-03
2012-09-27 16:07:41.990,0,0.0,0.0,0,0.0,0.0,0,1.5244E-01,3.2853E-02,0,1.2195E-01,7.8678E-03,0,6.0976E-01,6.7751E-03,0,3.9634E-01,1.3211E-03
2012-09-27 16:08:14.757,0,6.0976E-02,2.4197E-01,0,3.0488E-02,9.3809E-02,0,6.0976E-02,1.3141E-02,0,1.2195E-01,7.8678E-03,0,1.8293E-01,2.0325E-03,0,5.7927E-01,1.9309E-03
2012-09-27 16:08:47.523,0,0.0,0.0,0,0.0,0.0,0,2.1342E-01,4.5994E-02,0,1.2195E-01,7.8678E-03,0,3.0488E-01,3.3875E-03,0,6.4024E-01,2.1342E-03
2012-09-27 16:09:20.290,0,0.0,0.0,0,0.0,0.0,0,6.0976E-02,1.3141E-02,0,1.2195E-01,7.8678E-03,0,4.8780E-01,5.4200E-03,0,6.0976E-01,2.0325E-03
2012-09-27 16:09:53.060,0,0.0,0.0,0,3.0488E-02,9.3809E-02,0,3.0488E-02,6.5707E-03,0,1.2195E-01,7.8678E-03,0,2.4390E-01,2.7100E-03,0,2.4390E-01,8.1301E-04
2012-09-27 16:10:25.827,0,6.0976E-02,2.4197E-01,0,0.0,0.0,0,1.2195E-01,2.6283E-02,0,1.8293E-01,1.1802E-02,0,1.8293E-01,2.0325E-03,0,4.8780E-01,1.6260E-03
2012-09-27 16:10:58.597,0,3.0488E-02,1.2098E-01,0,0.0,0.0,0,3.0488E-02,6.5707E-03,0,2.4390E-01,1.5736E-02,0,3.3537E-01,3.7263E-03,0,6.4024E-01,2.1342E-03
2012-09-27 16:11:31.363,0,0.0,0.0,0,0.0,0.0,0,0.0,0.0,0,2.7439E-01,1.7703E-02,0,3.0488E-01,3.3875E-03,0,5.1829E-01,1.7276E-03
2012-09-27 16:12:04.130,0,6.0976E-02,2.4197E-01,0,0.0,0.0,0,3.0488E-02,6.5707E-03,0,1.8293E-01,1.1802E-02,0,3.9634E-01,4.4038E-03,0,3.6585E-01,1.2195E-03
2012-09-27 16:12:36.897,0,0.0,0.0,0,3.0488E-02,9.3809E-02,0,3.0488E-02,6.5707E-03,0,1.5244E-01,9.8348E-03,0,2.7439E-01,3.0488E-03,0,3.6585E-01,1.2195E-03
2012-09-27 16:13:09.667,0,9.1463E-02,3.6295E-01,0,3.0488E-02,9.3809E-02,0,1.5244E-01,3.2853E-02,0,4.2683E-01,2.7537E-02,0,2.7439E-01,3.0488E-03,0,3.0488E-01,1.0163E-03
2012-09-27 16:13:42.433,0,3.0488E-02,1.2098E-01,0,0.0,0.0,0,6.0976E-02,1.3141E-02,0,2.4390E-01,1.5736E-02,0,3.6585E-01,4.0650E-03,0,4.5732E-01,1.5244E-03
2012-09-27 16:14:15.200,0,3.0488E-02,1.2098E-01,0,3.0488E-02,9.3809E-02,0,9.1463E-02,1.9712E-02,0,1.8293E-01,1.1802E-02,0,4.2683E-01,4.7426E-03,0,6.7073E-01,2.2358E-03
2012-09-27 16:14:47.967,0,3.0488E-02,1.2098E-01,0,0.0,0.0,0,3.0488E-02,6.5707E-03,0,1.8293E-01,1.1802E-02,0,3.9634E-01,4.4038E-03,0,6.4024E-01,2.1342E-03
2012-09-27 16:15:20.737,0,6.0976E-02,2.4197E-01,0,0.0,0.0,0,6.0976E-02,1.3141E-02,0,1.2195E-01,7.8678E-03,0,4.5732E-01,5.0813E-03,0,5.1829E-01,1.7276E-03
2012-09-27 16:15:53.503,0,3.0488E-02,1.2098E-01,0,0.0,0.0,0,2.1342E-01,4.5994E-02,0,1.5244E-01,9.8348E-03,0,4.8780E-01,5.4200E-03,0,4.5732E-01,1.5244E-03
2012-09-27 16:16:26.270,0,3.0488E-02,1.2098E-01,0,0.0,0.0,0,3.0488E-02,6.5707E-03,0,9.1463E-02,5.9009E-03,0,3.6585E-01,4.0650E-03,0,6.4024E-01,2.1342E-03
2012-09-27 16:16:59.040,0,0.0,0.0,0,0.0,0.0,0,6.0976E-02,1.3141E-02,0,1.8293E-01,1.1802E-02,0,4.5732E-01,5.0813E-03,0,7.0122E-01,2.3374E-03
2012-09-27 16:17:31.807,0,0.0,0.0,0,0.0,0.0,0,1.2195E-01,2.6283E-02,0,1.8293E-01,1.1802E-02,0,3.6585E-01,4.0650E-03,0,8.5366E-01,2.8455E-03
2012-09-27 16:18:04.573,0,6.0976E-02,2.4197E-01,0,3.0488E-02,9.3809E-02,0,6.0976E-02,1.3141E-02,0,2.7439E-01,1.7703E-02,0,1.8293E-01,2.0325E-03,0,9.1463E-01,3.0488E-03
2012-09-27 16:18:37.343,0,0.0,0.0,0,0.0,0.0,0,1.5244E-01,3.2853E-02,0,3.0488E-01,1.9670E-02,0,5.4878E-01,6.0976E-03,0,4.5732E-01,1.5244E-03
2012-09-27 16:19:10.110,0,3.0488E-02,1.2098E-01,0,3.0488E-02,9.3809E-02,0,9.1463E-02,1.9712E-02,0,1.5244E-01,9.8348E-03,0,3.3537E-01,3.7263E-03,0,3.9634E-01,1.3211E-03
2012-09-27 16:19:42.877,0,3.0488E-02,1.2098E-01,0,0.0,0.0,0,1.2195E-01,2.6283E-02,0,2.4390E-01,1.5736E-02,0,3.9634E-01,4.4038E-03,0,6.0976E-01,2.0325E-03
2012-09-27 16:20:15.647,0,0.0,0.0,0,0.0,0.0,0,1.2195E-01,2.6283E-02,0,2.4390E-01,1.5736E-02,0,3.3537E-01,3.7263E-03,0,4.5732E-01,1.5244E-03
2012-09-27 16:20:48.413,0,0.0,0.0,0,0.0,0.0,0,3.0488E-02,6.5707E-03,0,1.2195E-01,7.8678E-03,0,4.2683E-01,4.7426E-03,0,4.2683E-01,1.4228E-03
2012-09-27 16:21:21.180,0,0.0,0.0,0,0.0,0.0,0,0.0,0.0,0,1.8293E-01,1.1802E-02,0,1.8293E-01,2.0325E-03,0,3.6585E-01,1.2195E-03
2012-09-27 16:21:53.947,0,0.0,0.0,0,0.0,0.0,0,1.5244E-01,3.2853E-02,0,2.4390E-01,1.5736E-02,0,1.8293E-01,2.0325E-03,0,4.5732E-01,1.5244E-03
2012-09-27 16:22:26.717,0,0.0,0.0,0,3.0488E-02,9.3809E-02,0,6.0976E-02,1.3141E-02,0,2.1342E-01,1.3769E-02,0,5.1829E-01,5.7588E-03,0,3.6585E-01,1.2195E-03
2012-09-27 16:22:59.483,0,6.0976E-02,2.4197E-01,0,0.0,0.0,0,1.8293E-01,3.9424E-02,0,1.2195E-01,7.8678E-03,0,1.5244E-01,1.6938E-03,0,3.3537E-01,1.1179E-03
2012-09-27 16:23:32.250,0,0.0,0.0,0,0.0,0.0,0,3.0488E-02,6.5707E-03,0,2.1342E-01,1.3769E-02,0,3.9634E-01,4.4038E-03,0,4.2683E-01,1.4228E-03
2012-09-27 16:24:05.020,0,0.0,0.0,0,0.0,0.0,0,1.5244E-01,3.2853E-02,0,2.4390E-01,1.5736E-02,0,5.1829E-01,5.7588E-03,0,6.4024E-01,2.1342E-03
2012-09-27 16:24:37.787,0,0.0,0.0,0,3.0488E-02,9.3809E-02,0,3.0488E-02,6.5707E-03,0,9.1463E-02,5.9009E-03,0,4.2683E-01,4.7426E-03,0,8.8415E-01,2.9471E-03
2012-09-27 16:25:10.553,0,3.0488E-02,1.2098E-01,0,0.0,0.0,0,1.2195E-01,2.6283E-02,0,1.5244E-01,9.8348E-03,0,3.3537E-01,3.7263E-03,0,5.7927E-01,1.9309E-03
2012-09-27 16:25:43.323,0,0.0,0.0,0,0.0,0.0,0,9.1463E-02,1.9712E-02,0,6.0976E-02,3.9339E-03,0,2.7439E-01,3.0488E-03,0,6.4024E-01,2.1342E-03
2012-09-27 16:26:16.090,0,0.0,0.0,0,3.0488E-02,9.3809E-02,0,9.1463E-02,1.9712E-02,0,2.7439E-01,1.7703E-02,0,4.2683E-01,4.7426E-03,0,6.4024E-01,2.1342E-03
2012-09-27 16:26:48.857,0,6.0976E-02,2.4197E-01,0,0.0,0.0,0,6.0976E-02,1.3141E-02,0,1.2195E-01,7.8678E-03,0,2.7439E-01,3.0488E-03,0,8.5366E-01,2.8455E-03
2012-09-27 16:27:21.627,0,0.0,0.0,0,3.0488E-02,9.3809E-02,0,1.8293E-01,3.9424E-02,0,3.0488E-01,1.9670E-02,0,3.3537E-01,3.7263E-03,0,6.0976E-01,2.0325E-03
2012-09-27 16:27:54.393,0,0.0,0.0,0,0.0,0.0,0,6.0976E-02,1.3141E-02,0,2.1342E-01,1.3769E-02,0,2.7439E-01,3.0488E-03,0,4.5732E-01,1.5244E-03
2012-09-27 16:28:27.160,0,3.0488E-02,1.2098E-01,0,0.0,0.0,0,3.0488E-02,6.5707E-03,0,2.1342E-01,1.3769E-02,0,1.5244E-01,1.6938E-03,0,5.1829E-01,1.7276E-03
2012-09-27 16:28:59.927,0,6.0976E-02,2.4197E-01,0,0.0,0.0,0,3.0488E-02,6.5707E-03,0,2.4390E-01,1.5736E-02,0,3.9634E-01,4.4038E-03,0,6.4024E-01,2.1342E-03
2012-09-27 16:29:32.697,0,0.0,0.0,0,3.0488E-02,9.3809E-02,0,1.5244E-01,3.2853E-02,0,1.8293E-01,1.1802E-02,0,5.4878E-01,6.0976E-03,0,5.7927E-01,1.9309E-03
2012-09-27 16:30:05.463,0,6.0976E-02,2.4197E-01,0,0.0,0.0,0,1.5244E-01,3.2853E-02,0,9.1463E-02,5.9009E-03,0,3.9634E-01,4.4038E-03,0,6.7073E-01,2.2358E-03
2012-09-27 16:30:38.230,0,0.0,0.0,0,0.0,0.0,0,1.5244E-01,3.2853E-02,0,2.1342E-01,1.3769E-02,0,3.0488E-01,3.3875E-03,0,3.9634E-01,1.3211E-03
2012-09-27 16:31:10.997,0,3.0488E-02,1.2098E-01,0,0.0,0.0,0,6.0976E-02,1.3141E-02,0,3.6585E-01,2.3604E-02,0,3.6585E-01,4.0650E-03,0,8.5366E-01,2.8455E-03
2012-09-27 16:31:43.767,0,3.0488E-02,1.2098E-01,0,3.0488E-02,9.3809E-02,0,1.8293E-01,3.9424E-02,0,2.1342E-01,1.3769E-02,0,3.9634E-01,4.4038E-03,0,8.5366E-01,2.8455E-03
2012-09-27 16:32:16.533,0,3.0488E-02,1.2098E-01,0,0.0,0.0,0,1.2195E-01,2.6283E-02,0,2.1342E-01,1.3769E-02,0,1.8293E-01,2.0325E-03,0,4.8780E-01,1.6260E-03
2012-09-27 16:32:49.300,0,0.0,0.0,0,0.0,0.0,0,3.0488E-02,6.5707E-03,0,2.4390E-01,1.5736E-02,0,4.5732E-01,5.0813E-03,0,3.6585E-01,1.2195E-03
2012-09-27 16:33:22.070,0,3.0488E-02,1.2098E-01,0,0.0,0.0,0,6.0976E-02,1.3141E-02,0,1.2195E-01,7.8678E-03,0,3.9634E-01,4.4038E-03,0,7.0122E-01,2.3374E-03
2012-09-27 16:33:54.837,0,0.0,0.0,0,0.0,0.0,0,0.0,0.0,0,6.0976E-02,3.9339E-03,0,3.9634E-01,4.4038E-03,0,4.5732E-01,1.5244E-03
2012-09-27 16:34:27.603,0,0.0,0.0,0,0.0,0.0,0,6.0976E-02,1.3141E-02,0,2.1342E-01,1.3769E-02,0,4.2683E-01,4.7426E-03,0,4.5732E-01,1.5244E-03
2012-09-27 16:35:00.373,0,0.0,0.0,0,0.0,0.0,0,3.0488E-02,6.5707E-03,0,2.1342E-01,1.3769E-02,0,4.5732E-01,5.0813E-03,0,5.1829E-01,1.7276E-03
2012-09-27 16:35:33.140,0,3.0488E-02,1.2098E-01,0,6.0976E-02,1.8762E-01,0,1.2195E-01,2.6283E-02,0,2.4390E-01,1.5736E-02,0,3.0488E-01,3.3875E-03,0,7.0122E-01,2.3374E-03
2012-09-27 16:36:05.907,0,6.0976E-02,2.4197E-01,0,0.0,0.0,0,0.0,0.0,0,6.0976E-02,3.9339E-03,0,3.0488E-01,3.3875E-03,0,5.4878E-01,1.8293E-03
2012-09-27 16:36:38.677,0,0.0,0.0,0,0.0,0.0,0,0.0,0.0,0,9.1463E-02,5.9009E-03,0,1.5244E-01,1.6938E-03,0,7.0122E-01,2.3374E-03
2012-09-27 16:37:11.443,0,0.0,0.0,0,0.0,0.0,0,9.1463E-02,1.9712E-02,0,1.5244E-01,9.8348E-03,0,1.5244E-01,1.6938E-03,0,3.9634E-01,1.3211E-03
2012-09-27 16:37:44.210,0,3.0488E-02,1.2098E-01,0,0.0,0.0,0,3.0488E-02,6.5707E-03,0,2.7439E-01,1.7703E-02,0,6.4024E-01,7.1138E-03,0,4.2683E-01,1.4228E-03
2012-09-27 16:38:16.977,0,9.1463E-02,3.6295E-01,0,0.0,0.0,0,9.1463E-02,1.9712E-02,0,2.4390E-01,1.5736E-02,0,5.7927E-01,6.4363E-03,0,6.7073E-01,2.2358E-03
2012-09-27 16:38:49.747,0,0.0,0.0,0,0.0,0.0,0,6.0976E-02,1.3141E-02,0,9.1463E-02,5.9009E-03,0,2.7439E-01,3.0488E-03,0,4.2683E-01,1.4228E-03
2012-09-27 16:39:22.513,0,0.0,0.0,0,3.0488E-02,9.3809E-02,0,1.8293E-01,3.9424E-02,0,1.2195E-01,7.8678E-03,0,3.6585E-01,4.0650E-03,0,5.7927E-01,1.9309E-03
2012-09-27 16:39:55.280,0,0.0,0.0,0,0.0,0.0,0,3.0488E-02,6.5707E-03,0,2.4390E-01,1.5736E-02,0,1.8293E-01,2.0325E-03,0,7.6220E-01,2.5407E-03
2012-09-27 16:40:28.050,0,6.0976E-02,2.4197E-01,0,0.0,0.0,0,6.0976E-02,1.3141E-02,0,2.1342E-01,1.3769E-02,0,3.0488E-01,3.3875E-03,0,6.7073E-01,2.2358E-03
2012-09-27 16:41:00.817,0,3.0488E-02,1.2098E-01,0,0.0,0.0,0,9.1463E-02,1.9712E-02,0,2.7439E-01,1.7703E-02,0,4.8780E-01,5.4200E-03,0,6.0976E-01,2.0325E-03
2012-09-27 16:41:33.583,0,3.0488E-02,1.2098E-01,0,3.0488E-02,9.3809E-02,0,0.0,0.0,0,1.5244E-01,9.8348E-03,0,3.3537E-01,3.7263E-03,0,4.8780E-01,1.6260E-03
2012-09-27 16:42:06.353,0,3.0488E-02,1.2098E-01,0,3.0488E-02,9.3809E-02,0,0.0,0.0,0,1.5244E-01,9.8348E-03,0,2.4390E-01,2.7100E-03,0,3.0488E-01,1.0163E-03
2012-09-27 16:42:39.120,0,1.2195E-01,4.8393E-01,0,0.0,0.0,0,9.1463E-02,1.9712E-02,0,2.1342E-01,1.3769E-02,0,2.1342E-01,2.3713E-03,0,5.4878E-01,1.8293E-03
2012-09-27 16:43:11.887,0,0.0,0.0,0,0.0,0.0,0,6.0976E-02,1.3141E-02,0,1.5244E-01,9.8348E-03,0,3.9634E-01,4.4038E-03,0,3.6585E-01,1.2195E-03
2012-09-27 16:43:44.657,0,3.0488E-02,1.2098E-01,0,6.0976E-02,1.8762E-01,0,3.0488E-02,6.5707E-03,0,1.8293E-01,1.1802E-02,0,4.8780E-01,5.4200E-03,0,3.9634E-01,1.3211E-03
2012-09-27 16:44:17.423,0,0.0,0.0,0,0.0,0.0,0,9.1463E-02,1.9712E-02,0,1.5244E-01,9.8348E-03,0,4.8780E-01,5.4200E-03,0,4.5732E-01,1.5244E-03
2012-09-27 16:44:50.190,0,3.0488E-02,1.2098E-01,0,0.0,0.0,0,9.1463E-02,1.9712E-02,0,1.2195E-01,7.8678E-03,0,4.5732E-01,5.0813E-03,0,4.2683E-01,1.4228E-03
2012-09-27 16:45:22.957,0,3.0488E-02,1.2098E-01,0,0.0,0.0,0,1.2195E-01,2.6283E-02,0,2.1342E-01,1.3769E-02,0,2.7439E-01,3.0488E-03,0,3.0488E-01,1.0163E-03
2012-09-27 16:45:55.727,0,6.0976E-02,2.4197E-01,0,0.0,0.0,0,6.0976E-02,1.3141E-02,0,1.2195E-01,7.8678E-03,0,3.0488E-01,3.3875E-03,0,4.8780E-01,1.6260E-03
2012-09-27 16:46:28.493,0,6.0976E-02,2.4197E-01,0,0.0,0.0,0,1.5244E-01,3.2853E-02,0,2.4390E-01,1.5736E-02,0,3.9634E-01,4.4038E-03,0,5.7927E-01,1.9309E-03
2012-09-27 16:47:01.260,0,3.0488E-02,1.2098E-01,0,0.0,0.0,0,1.8293E-01,3.9424E-02,0,1.5244E-01,9.8348E-03,0,3.0488E-01,3.3875E-03,0,6.7073E-01,2.2358E-03
2012-09-27 16:47:34.030,0,0.0,0.0,0,0.0,0.0,0,1.2195E-01,2.6283E-02,0,3.9634E-01,2.5570E-02,0,1.2195E-01,1.3550E-03,0,5.1829E-01,1.7276E-03
2012-09-27 16:48:06.797,0,0.0,0.0,0,0.0,0.0,0,0.0,0.0,0,9.1463E-02,5.9009E-03,0,3.3537E-01,3.7263E-03,0,6.4024E-01,2.1342E-03
2012-09-27 16:48:39.563,0,0.0,0.0,0,0.0,0.0,0,1.2195E-01,2.6283E-02,0,1.5244E-01,9.8348E-03,0,6.4024E-01,7.1138E-03,0,4.8780E-01,1.6260E-03
2012-09-27 16:49:12.333,0,3.0488E-02,1.2098E-01,0,3.0488E-02,9.3809E-02,0,1.2195E-01,2.6283E-02,0,6.0976E-02,3.9339E-03,0,3.0488E-01,3.3875E-03,0,6.7073E-01,2.2358E-03
2012-09-27 16:49:45.100,0,0.0,0.0,0,0.0,0.0,0,1.5244E-01,3.2853E-02,0,3.3537E-01,2.1636E-02,0,3.3537E-01,3.7263E-03,0,5.7927E-01,1.9309E-03
2012-09-27 16:50:17.867,0,0.0,0.0,0,0.0,0.0,0,1.5244E-01,3.2853E-02,0,2.4390E-01,1.5736E-02,0,1.8293E-01,2.0325E-03,0,4.8780E-01,1.6260E-03
2012-09-27 16:50:50.637,0,9.1463E-02,3.6295E-01,0,0.0,0.0,0,9.1463E-02,1.9712E-02,0,9.1463E-02,5.9009E-03,0,5.7927E-01,6.4363E-03,0,6.0976E-01,2.0325E-03
2012-09-27 16:51:23.403,0,0.0,0.0,0,3.0488E-02,9.3809E-02,0,1.5244E-01,3.2853E-02,0,2.1342E-01,1.3769E-02,0,6.7073E-01,7.4526E-03,0,6.0976E-01,2.0325E-03
2012-09-27 16:51:56.170,0,0.0,0.0,0,3.0488E-02,9.3809E-02,0,6.0976E-02,1.3141E-02,0,3.0488E-01,1.9670E-02,0,6.4024E-01,7.1138E-03,0,8.5366E-01,2.8455E-03
2012-09-27 16:52:28.937,0,3.0488E-02,1.2098E-01,0,0.0,0.0,0,1.2195E-01,2.6283E-02,0,1.5244E-01,9.8348E-03,0,3.6585E-01,4.0650E-03,0,5.4878E-01,1.8293E-03
2012-09-27 16:53:01.707,0,6.0976E-02,2.4197E-01,0,0.0,0.0,0,1.5244E-01,3.2853E-02,0,2.4390E-01,1.5736E-02,0,3.0488E-01,3.3875E-03,0,6.0976E-01,2.0325E-03
2012-09-27 16:53:34.473,0,0.0,0.0,0,0.0,0.0,0,1.8293E-01,3.9424E-02,0,3.3537E-01,2.1636E-02,0,5.7927E-01,6.4363E-03,0,5.1829E-01,1.7276E-03
2012-09-27 16:54:07.240,0,0.0,0.0,0,0.0,0.0,0,1.2195E-01,2.6283E-02,0,2.4390E-01,1.5736E-02,0,3.9634E-01,4.4038E-03,0,5.4878E-01,1.8293E-03
2012-09-27 16:54:40.010,0,0.0,0.0,0,0.0,0.0,0,6.0976E-02,1.3141E-02,0,1.8293E-01,1.1802E-02,0,4.2683E-01,4.7426E-03,0,5.4878E-01,1.8293E-03
2012-09-27 16:55:12.777,0,3.0488E-02,1.2098E-01,0,6.0976E-02,1.8762E-01,0,1.2195E-01,2.6283E-02,0,1.5244E-01,9.8348E-03,0,1.8293E-01,2.0325E-03,0,4.2683E-01,1.4228E-03
2012-09-27 16:55:45.543,0,3.0488E-02,1.2098E-01,0,6.0976E-02,1.8762E-01,0,1.5244E-01,3.2853E-02,0,2.4390E-01,1.5736E-02,0,4.5732E-01,5.0813E-03,0,4.2683E-01,1.4228E-03
2012-09-27 16:56:18.313,0,0.0,0.0,0,3.0488E-02,9.3809E-02,0,6.0976E-02,1.3141E-02,0,1.8293E-01,1.1802E-02,0,2.1342E-01,2.3713E-03,0,5.1829E-01,1.7276E-03
2012-09-27 16:56:51.080,0,3.0488E-02,1.2098E-01,0,0.0,0.0,0,1.2195E-01,2.6283E-02,0,1.8293E-01,1.1802E-02,0,3.9634E-01,4.4038E-03,0,7.0122E-01,2.3374E-03
2012-09-27 16:57:23.847,0,3.0488E-02,1.2098E-01,0,0.0,0.0,0,6.0976E-02,1.3141E-02,0,1.8293E-01,1.1802E-02,0,2.1342E-01,2.3713E-03,0,7.0122E-01,2.3374E-03
2012-09-27 16:57:56.617,0,0.0,0.0,0,0.0,0.0,0,0.0,0.0,0,1.8293E-01,1.1802E-02,0,3.6585E-01,4.0650E-03,0,4.5732E-01,1.5244E-03
2012-09-27 16:58:29.383,0,0.0,0.0,0,0.0,0.0,0,2.4390E-01,5.2565E-02,0,9.1463E-02,5.9009E-03,0,4.2683E-01,4.7426E-03,0,9.9085E-01,3.3029E-03
2012-09-27 16:59:02.150,0,0.0,0.0,0,3.0488E-02,9.3809E-02,0,6.0976E-02,1.3141E-02,0,1.5244E-01,9.8348E-03,0,3.0488E-01,3.3875E-03,0,6.0976E-01,2.0325E-03
2012-09-27 16:59:34.917,0,3.0488E-02,1.2098E-01,0,6.0976E-02,1.8762E-01,0,1.2195E-01,2.6283E-02,0,1.8293E-01,1.1802E-02,0,3.6585E-01,4.0650E-03,0,5.7927E-01,1.9309E-03
2012-09-27 17:00:07.687,0,3.0488E-02,1.2098E-01,0,0.0,0.0,0,3.0488E-02,6.5707E-03,0,2.1342E-01,1.3769E-02,0,4.2683E-01,4.7426E-03,0,8.2317E-01,2.7439E-03
2012-09-27 17:00:40.453,0,9.1463E-02,3.6295E-01,0,0.0,0.0,0,1.2195E-01,2.6283E-02,0,1.2195E-01,7.8678E-03,0,4.2683E-01,4.7426E-03,0,7.6220E-01,2.5407E-03
2012-09-27 17:01:13.220,0,3.0488E-02,1.2098E-01,0,0.0,0.0,0,6.0976E-02,1.3141E-02,0,1.2195E-01,7.8678E-03,0,3.9634E-01,4.4038E-03,0,5.1829E-01,1.7276E-03
2012-09-27 17:01:45.990,0,0.0,0.0,0,0.0,0.0,0,6.0976E-02,1.3141E-02,0,2.1342E-01,1.3769E-02,0,3.9634E-01,4.4038E-03,0,4.2683E-01,1.4228E-03
2012-09-27 17:02:18.757,0,6.0976E-02,2.4197E-01,0,0.0,0.0,0,1.2195E-01,2.6283E-02,0,2.1342E-01,1.3769E-02,0,4.5732E-01,5.0813E-03,0,6.0976E-01,2.0325E-03
2012-09-27 17:02:51.523,0,0.0,0.0,0,0.0,0.0,0,6.0976E-02,1.3141E-02,0,1.2195E-01,7.8678E-03,0,4.8780E-01,5.4200E-03,0,6.7073E-01,2.2358E-03
2012-09-27 17:03:24.293,0,0.0,0.0,0,0.0,0.0,0,9.1463E-02,1.9712E-02,0,1.8293E-01,1.1802E-02,0,4.5732E-01,5.0813E-03,0,7.6220E-01,2.5407E-03
2012-09-27 17:03:57.060,0,6.0976E-02,2.4197E-01,0,0.0,0.0,0,1.2195E-01,2.6283E-02,0,3.9634E-01,2.5570E-02,0,3.6585E-01,4.0650E-03,0,7.9268E-01,2.6423E-03
2012-09-27 17:04:29.827,0,0.0,0.0,0,0.0,0.0,0,3.0488E-02,6.5707E-03,0,2.4390E-01,1.5736E-02,0,6.0976E-01,6.7751E-03,0,6.0976E-01,2.0325E-03
2012-09-27 17:05:02.597,0,0.0,0.0,0,0.0,0.0,0,1.5244E-01,3.2853E-02,0,1.2195E-01,7.8678E-03,0,2.7439E-01,3.0488E-03,0,7.3171E-01,2.4390E-03
2012-09-27 17:05:35.363,0,6.0976E-02,2.4197E-01,0,3.0488E-02,9.3809E-02,0,3.0488E-02,6.5707E-03,0,1.2195E-01,7.8678E-03,0,3.0488E-01,3.3875E-03,0,5.4878E-01,1.8293E-03
2012-09-27 17:06:08.130,0,0.0,0.0,0,0.0,0.0,0,6.0976E-02,1.3141E-02,0,3.0488E-01,1.9670E-02,0,4.8780E-01,5.4200E-03,0,6.7073E-01,2.2358E-03
2012-09-27 17:06:40.897,0,6.0976E-02,2.4197E-01,0,0.0,0.0,0,9.1463E-02,1.9712E-02,0,2.4390E-01,1.5736E-02,0,3.6585E-01,4.0650E-03,0,6.4024E-01,2.1342E-03
2012-09-27 17:07:13.667,0,0.0,0.0,0,3.0488E-02,9.3809E-02,0,9.1463E-02,1.9712E-02,0,3.6585E-01,2.3604E-02,0,5.1829E-01,5.7588E-03,0,7.6220E-01,2.5407E-03
2012-09-27 17:07:46.433,0,3.0488E-02,1.2098E-01,0,0.0,0.0,0,6.0976E-02,1.3141E-02,0,1.8293E-01,1.1802E-02,0,2.1342E-01,2.3713E-03,0,6.4024E-01,2.1342E-03
2012-09-27 17:08:19.200,0,3.0488E-02,1.2098E-01,0,0.0,0.0,0,9.1463E-02,1.9712E-02,0,1.5244E-01,9.8348E-03,0,2.4390E-01,2.7100E-03,0,5.7927E-01,1.9309E-03
2012-09-27 17:08:51.970,0,6.0976E-02,2.4197E-01,0,0.0,0.0,0,3.0488E-02,6.5707E-03,0,9.1463E-02,5.9009E-03,0,2.4390E-01,2.7100E-03,0,5.7927E-01,1.9309E-03
2012-09-27 17:09:24.737,0,0.0,0.0,0,3.0488E-02,9.3809E-02,0,6.0976E-02,1.3141E-02,0,2.7439E-01,1.7703E-02,0,4.2683E-01,4.7426E-03,0,6.7073E-01,2.2358E-03
2012-09-27 17:09:57.503,0,6.0976E-02,2.4197E-01,0,0.0,0.0,0,0.0,0.0,0,1.2195E-01,7.8678E-03,0,5.1829E-01,5.7588E-03,0,4.2683E-01,1.4228E-03
2012-09-27 17:10:30.273,0,0.0,0.0,0,0.0,0.0,0,6.0976E-02,1.3141E-02,0,1.5244E-01,9.8348E-03,0,4.8780E-01,5.4200E-03,0,5.7927E-01,1.9309E-03
2012-09-27 17:11:03.040,0,6.0976E-02,2.4197E-01,0,0.0,0.0,0,1.2195E-01,2.6283E-02,0,1.2195E-01,7.8678E-03,0,3.0488E-01,3.3875E-03,0,8.8415E-01,2.9471E-03
2012-09-27 17:11:35.807,0,0.0,0.0,0,3.0488E-02,9.3809E-02,0,9.1463E-02,1.9712E-02,0,9.1463E-02,5.9009E-03,0,4.8780E-01,5.4200E-03,0,5.4878E-01,1.8293E-03
2012-09-27 17:12:08.577,0,0.0,0.0,0,0.0,0.0,0,1.8293E-01,3.9424E-02,0,2.1342E-01,1.3769E-02,0,3.3537E-01,3.7263E-03,0,7.3171E-01,2.4390E-03
2012-09-27 17:12:41.343,0,6.0976E-02,2.4197E-01,0,0.0,0.0,0,9.1463E-02,1.9712E-02,0,2.7439E-01,1.7703E-02,0,2.7439E-01,3.0488E-03,0,4.2683E-01,1.4228E-03
2012-09-27 17:13:14.110,0,0.0,0.0,0,3.0488E-02,9.3809E-02,0,1.5244E-01,3.2853E-02,0,1.8293E-01,1.1802E-02,0,3.0488E-01,3.3875E-03,0,7.0122E-01,2.3374E-03
2012-09-27 17:13:46.877,0,3.0488E-02,1.2098E-01,0,0.0,0.0,0,1.8293E-01,3.9424E-02,0,1.2195E-01,7.8678E-03,0,5.7927E-01,6.4363E-03,0,5.7927E-01,1.9309E-03
2012-09-27 17:14:19.647,0,0.0,0.0,0,0.0,0.0,0,0.0,0.0,0,2.7439E-01,1.7703E-02,0,3.6585E-01,4.0650E-03,0,5.1829E-01,1.7276E-03
2012-09-27 17:14:52.413,0,3.0488E-02,1.2098E-01,0,0.0,0.0,0,1.2195E-01,2.6283E-02,0,1.5244E-01,9.8348E-03,0,3.0488E-01,3.3875E-03,0,6.0976E-01,2.0325E-03
2012-09-27 17:15:25.180,0,0.0,0.0,0,6.0976E-02,1.8762E-01,0,1.5244E-01,3.2853E-02,0,1.5244E-01,9.8348E-03,0,3.3537E-01,3.7263E-03,0,5.4878E-01,1.8293E-03
2012-09-27 17:15:57.950,0,0.0,0.0,0,0.0,0.0,0,1.8293E-01,3.9424E-02,0,2.4390E-01,1.5736E-02,0,3.9634E-01,4.4038E-03,0,3.0488E-01,1.0163E-03
2012-09-27 17:16:30.717,0,3.0488E-02,1.2098E-01,0,3.0488E-02,9.3809E-02,0,6.0976E-02,1.3141E-02,0,1.8293E-01,1.1802E-02,0,2.4390E-01,2.7100E-03,0,2.7439E-01,9.1463E-04
2012-09-27 17:17:03.483,0,3.0488E-02,1.2098E-01,0,0.0,0.0,0,6.0976E-02,1.3141E-02,0,2.4390E-01,1.5736E-02,0,2.1342E-01,2.3713E-03,0,6.0976E-01,2.0325E-03
2012-09-27 17:17:36.253,0,0.0,0.0,0,0.0,0.0,0,3.0488E-02,6.5707E-03,0,1.2195E-01,7.8678E-03,0,4.8780E-01,5.4200E-03,0,4.2683E-01,1.4228E-03
2012-09-27 17:18:09.020,0,3.0488E-02,1.2098E-01,0,0.0,0.0,0,0.0,0.0,0,9.1463E-02,5.9009E-03,0,2.1342E-01,2.3713E-03,0,4.8780E-01,1.6260E-03
2012-09-27 17:18:41.787,0,3.0488E-02,1.2098E-01,0,0.0,0.0,0,9.1463E-02,1.9712E-02,0,1.2195E-01,7.8678E-03,0,4.5732E-01,5.0813E-03,0,3.3537E-01,1.1179E-03
2012-09-27 17:19:14.557,0,6.0976E-02,2.4197E-01,0,0.0,0.0,0,1.2195E-01,2.6283E-02,0,3.0488E-01,1.9670E-02,0,1.8293E-01,2.0325E-03,0,6.0976E-01,2.0325E-03
2012-09-27 17:19:47.323,0,0.0,0.0,0,3.0488E-02,9.3809E-02,0,1.2195E-01,2.6283E-02,0,3.0488E-01,1.9670E-02,0,3.3537E-01,3.7263E-03,0,4.5732E-01,1.5244E-03
2012-09-27 17:20:20.090,0,0.0,0.0,0,0.0,0.0,0,6.0976E-02,1.3141E-02,0,1.8293E-01,1.1802E-02,0,3.6585E-01,4.0650E-03,0,6.7073E-01,2.2358E-03
2012-09-27 17:20:52.857,0,3.0488E-02,1.2098E-01,0,3.0488E-02,9.3809E-02,0,6.0976E-02,1.3141E-02,0,1.5244E-01,9.8348E-03,0,3.6585E-01,4.0650E-03,0,4.2683E-01,1.4228E-03
2012-09-27 17:21:25.627,0,0.0,0.0,0,0.0,0.0,0,0.0,0.0,0,6.0976E-02,3.9339E-03,0,3.6585E-01,4.0650E-03,0,4.2683E-01,1.4228E-03
2012-09-27 17:21:58.393,0,0.0,0.0,0,0.0,0.0,0,1.2195E-01,2.6283E-02,0,1.5244E-01,9.8348E-03,0,3.6585E-01,4.0650E-03,0,8.2317E-01,2.7439E-03
2012-09-27 17:22:31.163,0,0.0,0.0,0,0.0,0.0,0,1.5244E-01,3.2853E-02,0,2.1342E-01,1.3769E-02,0,4.5732E-01,5.0813E-03,0,8.5366E-01,2.8455E-03
2012-09-27 17:23:03.930,0,0.0,0.0,0,0.0,0.0,0,9.1463E-02,1.9712E-02,0,1.8293E-01,1.1802E-02,0,2.7439E-01,3.0488E-03,0,5.7927E-01,1.9309E-03
2012-09-27 17:23:36.697,0,3.0488E-02,1.2098E-01,0,0.0,0.0,0,1.2195E-01,2.6283E-02,0,2.1342E-01,1.3769E-02,0,1.5244E-01,1.6938E-03,0,6.7073E-01,2.2358E-03
2012-09-27 17:24:09.467,0,3.0488E-02,1.2098E-01,0,0.0,0.0,0,6.0976E-02,1.3141E-02,0,6.0976E-02,3.9339E-03,0,3.6585E-01,4.0650E-03,0,6.0976E-01,2.0325E-03
2012-09-27 17:24:42.233,0,9.1463E-02,3.6295E-01,0,0.0,0.0,0,6.0976E-02,1.3141E-02,0,6.0976E-02,3.9339E-03,0,2.7439E-01,3.0488E-03,0,4.8780E-01,1.6260E-03
2012-09-27 17:25:15.000,0,3.0488E-02,1.2098E-01,0,0.0,0.0,0,9.1463E-02,1.9712E-02,0,2.7439E-01,1.7703E-02,0,3.9634E-01,4.4038E-03,0,5.7927E-01,1.9309E-03
2012-09-27 17:25:47.767,0,0.0,0.0,0,6.0976E-02,1.8762E-01,0,1.2195E-01,2.6283E-02,0,1.2195E-01,7.8678E-03,0,3.3537E-01,3.7263E-03,0,7.0122E-01,2.3374E-03
2012-09-27 17:26:20.537,0,3.0488E-02,1.2098E-01,0,0.0,0.0,0,3.0488E-02,6.5707E-03,0,2.1342E-01,1.3769E-02,0,4.5732E-01,5.0813E-03,0,4.2683E-01,1.4228E-03
2012-09-27 17:26:53.303,0,3.0488E-02,1.2098E-01,0,0.0,0.0,0,6.0976E-02,1.3141E-02,0,2.1342E-01,1.3769E-02,0,4.2683E-01,4.7426E-03,0,6.4024E-01,2.1342E-03
2012-09-27 17:27:26.070,0,3.0488E-02,1.2098E-01,0,3.0488E-02,9.3809E-02,0,1.2195E-01,2.6283E-02,0,1.5244E-01,9.8348E-03,0,3.6585E-01,4.0650E-03,0,6.7073E-01,2.2358E-03
2012-09-27 17:27:58.840,0,0.0,0.0,0,3.0488E-02,9.3809E-02,0,1.5244E-01,3.2853E-02,0,1.8293E-01,1.1802E-02,0,2.7439E-01,3.0488E-03,0,5.4878E-01,1.8293E-03
2012-09-27 17:28:31.607,0,3.0488E-02,1.2098E-01,0,0.0,0.0,0,3.0488E-02,6.5707E-03,0,1.5244E-01,9.8348E-03,0,3.9634E-01,4.4038E-03,0,6.0976E-01,2.0325E-03
2012-09-27 17:29:04.373,0,0.0,0.0,0,3.0488E-02,9.3809E-02,0,0.0,0.0,0,1.8293E-01,1.1802E-02,0,3.9634E-01,4.4038E-03,0,7.0122E-01,2.3374E-03
2012-09-27 17:29:37.143,0,6.0976E-02,2.4197E-01,0,3.0488E-02,9.3809E-02,0,1.2195E-01,2.6283E-02,0,1.8293E-01,1.1802E-02,0,4.2683E-01,4.7426E-03,0,7.0122E-01,2.3374E-03
2012-09-27 17:30:09.910,0,3.0488E-02,1.2098E-01,0,3.0488E-02,9.3809E-02,0,3.0488E-02,6.5707E-03,0,2.1342E-01,1.3769E-02,0,3.9634E-01,4.4038E-03,0,6.4024E-01,2.1342E-03
2012-09-27 17:30:42.677,0,3.0488E-02,1.2098E-01,0,0.0,0.0,0,1.5244E-01,3.2853E-02,0,9.1463E-02,5.9009E-03,0,4.5732E-01,5.0813E-03,0,3.6585E-01,1.2195E-03
2012-09-27 17:31:15.447,0,6.0976E-02,2.4197E-01,0,0.0,0.0,0,9.1463E-02,1.9712E-02,0,2.1342E-01,1.3769E-02,0,4.5732E-01,5.0813E-03,0,6.0976E-01,2.0325E-03
2012-09-27 17:31:48.213,0,6.0976E-02,2.4197E-01,0,3.0488E-02,9.3809E-02,0,1.2195E-01,2.6283E-02,0,3.6585E-01,2.3604E-02,0,4.8780E-01,5.4200E-03,0,8.5366E-01,2.8455E-03
2012-09-27 17:32:20.980,0,0.0,0.0,0,6.0976E-02,1.8762E-01,0,1.2195E-01,2.6283E-02,0,1.5244E-01,9.8348E-03,0,2.1342E-01,2.3713E-03,0,6.4024E-01,2.1342E-03
2012-09-27 17:32:53.747,0,0.0,0.0,0,0.0,0.0,0,1.5244E-01,3.2853E-02,0,2.1342E-01,1.3769E-02,0,2.1342E-01,2.3713E-03,0,5.7927E-01,1.9309E-03
2012-09-27 17:33:26.517,0,3.0488E-02,1.2098E-01,0,3.0488E-02,9.3809E-02,0,3.0488E-02,6.5707E-03,0,1.5244E-01,9.8348E-03,0,3.6585E-01,4.0650E-03,0,6.4024E-01,2.1342E-03
2012-09-27 17:33:59.283,0,3.0488E-02,1.2098E-01,0,3.0488E-02,9.3809E-02,0,0.0,0.0,0,2.1342E-01,1.3769E-02,0,2.7439E-01,3.0488E-03,0,7.0122E-01,2.3374E-03
2012-09-27 17:34:32.050,0,0.0,0.0,0,0.0,0.0,0,3.0488E-02,6.5707E-03,0,1.2195E-01,7.8678E-03,0,2.7439E-01,3.0488E-03,0,4.2683E-01,1.4228E-03
2012-09-27 17:35:04.820,0,0.0,0.0,0,0.0,0.0,0,1.2195E-01,2.6283E-02,0,1.2195E-01,7.8678E-03,0,3.3537E-01,3.7263E-03,0,8.2317E-01,2.7439E-03
2012-09-27 17:35:37.587,0,0.0,0.0,0,0.0,0.0,0,9.1463E-02,1.9712E-02,0,1.5244E-01,9.8348E-03,0,4.2683E-01,4.7426E-03,0,5.1829E-01,1.7276E-03
2012-09-27 17:36:10.353,0,0.0,0.0,0,0.0,0.0,0,9.1463E-02,1.9712E-02,0,9.1463E-02,5.9009E-03,0,3.9634E-01,4.4038E-03,0,6.4024E-01,2.1342E-03
2012-09-27 17:36:43.123,0,6.0976E-02,2.4197E-01,0,0.0,0.0,0,6.0976E-02,1.3141E-02,0,2.4390E-01,1.5736E-02,0,5.7927E-01,6.4363E-03,0,6.0976E-01,2.0325E-03
2012-09-27 17:37:15.890,0,3.0488E-02,1.2098E-01,0,0.0,0.0,0,6.0976E-02,1.3141E-02,0,1.2195E-01,7.8678E-03,0,3.9634E-01,4.4038E-03,0,6.4024E-01,2.1342E-03
2012-09-27 17:37:48.657,0,0.0,0.0,0,3.0488E-02,9.3809E-02,0,1.2195E-01,2.6283E-02,0,1.8293E-01,1.1802E-02,0,3.3537E-01,3.7263E-03,0,5.7927E-01,1.9309E-03
2012-09-27 17:38:21.427,0,3.0488E-02,1.2098E-01,0,0.0,0.0,0,1.2195E-01,2.6283E-02,0,6.0976E-02,3.9339E-03,0,3.0488E-01,3.3875E-03,0,7.3171E-01,2.4390E-03
2012-09-27 17:38:54.193,0,6.0976E-02,2.4197E-01,0,0.0,0.0,0,6.0976E-02,1.3141E-02,0,1.8293E-01,1.1802E-02,0,3.9634E-01,4.4038E-03,0,4.8780E-01,1.6260E-03
2012-09-27 17:39:26.960,0,0.0,0.0,0,3.0488E-02,9.3809E-02,0,6.0976E-02,1.3141E-02,0,2.4390E-01,1.5736E-02,0,2.4390E-01,2.7100E-03,0,7.6220E-01,2.5407E-03
2012-09-27 17:39:59.727,0,0.0,0.0,0,0.0,0.0,0,3.0488E-02,6.5707E-03,0,3.0488E-01,1.9670E-02,0,3.0488E-01,3.3875E-03,0,7.0122E-01,2.3374E-03
2012-09-27 17:40:32.497,0,3.0488E-02,1.2098E-01,0,0.0,0.0,0,6.0976E-02,1.3141E-02,0,1.8293E-01,1.1802E-02,0,3.9634E-01,4.4038E-03,0,9.1463E-01,3.0488E-03
2012-09-27 17:41:05.263,0,0.0,0.0,0,0.0,0.0,0,1.5244E-01,3.2853E-02,0,1.5244E-01,9.8348E-03,0,4.2683E-01,4.7426E-03,0,4.2683E-01,1.4228E-03
2012-09-27 17:41:38.030,0,3.0488E-02,1.2098E-01,0,0.0,0.0,0,1.5244E-01,3.2853E-02,0,3.0488E-01,1.9670E-02,0,4.8780E-01,5.4200E-03,0,7.6220E-01,2.5407E-03
2012-09-27 17:42:10.800,0,3.0488E-02,1.2098E-01,0,0.0,0.0,0,9.1463E-02,1.9712E-02,0,2.1342E-01,1.3769E-02,0,3.0488E-01,3.3875E-03,0,7.6220E-01,2.5407E-03
2012-09-27 17:42:43.567,0,3.0488E-02,1.2098E-01,0,0.0,0.0,0,9.1463E-02,1.9712E-02,0,9.1463E-02,5.9009E-03,0,5.4878E-01,6.0976E-03,0,4.8780E-01,1.6260E-03
2012-09-27 17:43:16.337,0,3.0488E-02,1.2098E-01,0,0.0,0.0,0,3.0488E-02,6.5707E-03,0,1.8293E-01,1.1802E-02,0,2.7439E-01,3.0488E-03,0,3.6585E-01,1.2195E-03
2012-09-27 17:43:49.103,0,3.0488E-02,1.2098E-01,0,3.0488E-02,9.3809E-02,0,3.0488E-02,6.5707E-03,0,1.8293E-01,1.1802E-02,0,3.3537E-01,3.7263E-03,0,8.2317E-01,2.7439E-03
2012-09-27 17:44:21.870,0,0.0,0.0,0,0.0,0.0,0,1.8293E-01,3.9424E-02,0,1.5244E-01,9.8348E-03,0,2.7439E-01,3.0488E-03,0,4.5732E-01,1.5244E-03
2012-09-27 17:44:54.637,0,3.0488E-02,1.2098E-01,0,0.0,0.0,0,9.1463E-02,1.9712E-02,0,2.1342E-01,1.3769E-02,0,6.4024E-01,7.1138E-03,0,4.5732E-01,1.5244E-03
2012-09-27 17:45:27.407,0,6.0976E-02,2.4197E-01,0,3.0488E-02,9.3809E-02,0,1.8293E-01,3.9424E-02,0,2.1342E-01,1.3769E-02,0,2.4390E-01,2.7100E-03,0,6.7073E-01,2.2358E-03
2012-09-27 17:46:00.173,0,3.0488E-02,1.2098E-01,0,0.0,0.0,0,9.1463E-02,1.9712E-02,0,3.0488E-01,1.9670E-02,0,1.5244E-01,1.6938E-03,0,4.2683E-01,1.4228E-03
2012-09-27 17:46:32.940,0,0.0,0.0,0,3.0488E-02,9.3809E-02,0,9.1463E-02,1.9712E-02,0,1.8293E-01,1.1802E-02,0,3.9634E-01,4.4038E-03,0,5.1829E-01,1.7276E-03
2012-09-27 17:47:05.710,0,3.0488E-02,1.2098E-01,0,3.0488E-02,9.3809E-02,0,1.2195E-01,2.6283E-02,0,1.5244E-01,9.8348E-03,0,4.2683E-01,4.7426E-03,0,5.7927E-01,1.9309E-03
2012-09-27 17:47:38.477,0,3.0488E-02,1.2098E-01,0,3.0488E-02,9.3809E-02,0,3.0488E-02,6.5707E-03,0,9.1463E-02,5.9009E-03,0,6.0976E-01,6.7751E-03,0,7.0122E-01,2.3374E-03
2012-09-27 17:48:11.243,0,3.0488E-02,1.2098E-01,0,0.0,0.0,0,9.1463E-02,1.9712E-02,0,1.2195E-01,7.8678E-03,0,3.6585E-01,4.0650E-03,0,6.4024E-01,2.1342E-03
2012-09-27 17:48:44.013,0,6.0976E-02,2.4197E-01,0,0.0,0.0,0,6.0976E-02,1.3141E-02,0,2.1342E-01,1.3769E-02,0,3.3537E-01,3.7263E-03,0,5.7927E-01,1.9309E-03
2012-09-27 17:49:16.780,0,6.0976E-02,2.4197E-01,0,0.0,0.0,0,6.0976E-02,1.3141E-02,0,1.8293E-01,1.1802E-02,0,4.5732E-01,5.0813E-03,0,6.4024E-01,2.1342E-03
2012-09-27 17:49:49.547,0,9.1463E-02,3.6295E-01,0,0.0,0.0,0,2.1342E-01,4.5994E-02,0,3.0488E-01,1.9670E-02,0,5.1829E-01,5.7588E-03,0,4.5732E-01,1.5244E-03
2012-09-27 17:50:22.317,0,3.0488E-02,1.2098E-01,0,0.0,0.0,0,6.0976E-02,1.3141E-02,0,1.5244E-01,9.8348E-03,0,3.3537E-01,3.7263E-03,0,4.5732E-01,1.5244E-03
2012-09-27 17:50:55.083,0,0.0,0.0,0,0.0,0.0,0,0.0,0.0,0,9.1463E-02,5.9009E-03,0,3.3537E-01,3.7263E-03,0,5.1829E-01,1.7276E-03
2012-09-27 17:51:27.850,0,3.0488E-02,1.2098E-01,0,0.0,0.0,0,3.0488E-02,6.5707E-03,0,1.5244E-01,9.8348E-03,0,2.4390E-01,2.7100E-03,0,5.7927E-01,1.9309E-03
2012-09-27 17:52:00.617,0,3.0488E-02,1.2098E-01,0,3.0488E-02,9.3809E-02,0,9.1463E-02,1.9712E-02,0,1.5244E-01,9.8348E-03,0,5.1829E-01,5.7588E-03,0,6.7073E-01,2.2358E-03
2012-09-27 17:52:33.387,0,6.0976E-02,2.4197E-01,0,0.0,0.0,0,6.0976E-02,1.3141E-02,0,3.3537E-01,2.1636E-02,0,3.0488E-01,3.3875E-03,0,7.9268E-01,2.6423E-03
2012-09-27 17:53:06.153,0,0.0,0.0,0,3.0488E-02,9.3809E-02,0,6.0976E-02,1.3141E-02,0,1.5244E-01,9.8348E-03,0,5.4878E-01,6.0976E-03,0,5.4878E-01,1.8293E-03
2012-09-27 17:53:38.920,0,3.0488E-02,1.2098E-01,0,3.0488E-02,9.3809E-02,0,6.0976E-02,1.3141E-02,0,2.1342E-01,1.3769E-02,0,2.1342E-01,2.3713E-03,0,5.1829E-01,1.7276E-03
2012-09-27 17:54:11.690,0,0.0,0.0,0,0.0,0.0,0,1.5244E-01,3.2853E-02,0,2.1342E-01,1.3769E-02,0,1.8293E-01,2.0325E-03,0,7.9268E-01,2.6423E-03
2012-09-27 17:54:44.457,0,3.0488E-02,1.2098E-01,0,0.0,0.0,0,3.0488E-02,6.5707E-03,0,2.1342E-01,1.3769E-02,0,3.9634E-01,4.4038E-03,0,5.7927E-01,1.9309E-03
2012-09-27 17:55:17.223,0,3.0488E-02,1.2098E-01,0,0.0,0.0,0,9.1463E-02,1.9712E-02,0,1.2195E-01,7.8678E-03,0,2.1342E-01,2.3713E-03,0,7.6220E-01,2.5407E-03
2012-09-27 17:55:49.993,0,0.0,0.0,0,0.0,0.0,0,6.0976E-02,1.3141E-02,0,1.8293E-01,1.1802E-02,0,3.6585E-01,4.0650E-03,0,4.2683E-01,1.4228E-03
2012-09-27 17:56:22.760,0,3.0488E-02,1.2098E-01,0,0.0,0.0,0,3.0488E-02,6.5707E-03,0,3.3537E-01,2.1636E-02,0,3.0488E-01,3.3875E-03,0,7.0122E-01,2.3374E-03
2012-09-27 17:56:55.527,0,3.0488E-02,1.2098E-01,0,3.0488E-02,9.3809E-02,0,9.1463E-02,1.9712E-02,0,2.4390E-01,1.5736E-02,0,2.1342E-01,2.3713E-03,0,6.4024E-01,2.1342E-03
2012-09-27 17:57:28.297,0,0.0,0.0,0,0.0,0.0,0,1.8293E-01,3.9424E-02,0,1.5244E-01,9.8348E-03,0,4.8780E-01,5.4200E-03,0,6.0976E-01,2.0325E-03
2012-09-27 17:58:01.063,0,0.0,0.0,0,3.0488E-02,9.3809E-02,0,6.0976E-02,1.3141E-02,0,3.0488E-02,1.9670E-03,0,3.0488E-01,3.3875E-03,0,6.0976E-01,2.0325E-03
2012-09-27 17:58:33.830,0,0.0,0.0,0,6.0976E-02,1.8762E-01,0,0.0,0.0,0,2.4390E-01,1.5736E-02,0,2.1342E-01,2.3713E-03,0,4.2683E-01,1.4228E-03
2012-09-27 17:59:06.597,0,0.0,0.0,0,3.0488E-02,9.3809E-02,0,6.0976E-02,1.3141E-02,0,1.2195E-01,7.8678E-03,0,3.9634E-01,4.4038E-03,0,5.7927E-01,1.9309E-03
2012-09-27 17:59:39.367,0,0.0,0.0,0,0.0,0.0,0,0.0,0.0,0,9.1463E-02,5.9009E-03,0,3.0488E-01,3.3875E-03,0,5.4878E-01,1.8293E-03
2012-09-27 18:00:12.133,0,0.0,0.0,0,3.0488E-02,9.3809E-02,0,6.0976E-02,1.3141E-02,0,9.1463E-02,5.9009E-03,0,3.6585E-01,4.0650E-03,0,5.7927E-01,1.9309E-03
2012-09-27 18:00:44.903,0,3.0488E-02,1.2098E-01,0,0.0,0.0,0,6.0976E-02,1.3141E-02,0,9.1463E-02,5.9009E-03,0,2.4390E-01,2.7100E-03,0,7.3171E-01,2.4390E-03
2012-09-27 18:01:17.670,0,6.0976E-02,2.4197E-01,0,0.0,0.0,0,1.5244E-01,3.2853E-02,0,2.4390E-01,1.5736E-02,0,3.6585E-01,4.0650E-03,0,6.0976E-01,2.0325E-03
2012-09-27 18:01:50.437,0,3.0488E-02,1.2098E-01,0,0.0,0.0,0,6.0976E-02,1.3141E-02,0,6.0976E-02,3.9339E-03,0,4.8780E-01,5.4200E-03,0,6.4024E-01,2.1342E-03
2012-09-27 18:02:23.207,0,0.0,0.0,0,0.0,0.0,0,6.0976E-02,1.3141E-02,0,2.1342E-01,1.3769E-02,0,2.7439E-01,3.0488E-03,0,7.0122E-01,2.3374E-03
2012-09-27 18:02:55.973,0,0.0,0.0,0,0.0,0.0,0,9.1463E-02,1.9712E-02,0,2.1342E-01,1.3769E-02,0,2.4390E-01,2.7100E-03,0,6.7073E-01,2.2358E-03
2012-09-27 18:03:28.740,0,0.0,0.0,0,0.0,0.0,0,1.8293E-01,3.9424E-02,0,2.1342E-01,1.3769E-02,0,2.4390E-01,2.7100E-03,0,4.5732E-01,1.5244E-03
2012-09-27 18:04:01.507,0,0.0,0.0,0,0.0,0.0,0,9.1463E-02,1.9712E-02,0,1.5244E-01,9.8348E-03,0,3.0488E-01,3.3875E-03,0,4.8780E-01,1.6260E-03
2012-09-27 18:04:34.277,0,0.0,0.0,0,6.0976E-02,1.8762E-01,0,6.0976E-02,1.3141E-02,0,1.5244E-01,9.8348E-03,0,5.4878E-01,6.0976E-03,0,5.1829E-01,1.7276E-03
2012-09-27 18:05:07.043,0,3.0488E-02,1.2098E-01,0,0.0,0.0,0,6.0976E-02,1.3141E-02,0,1.2195E-01,7.8678E-03,0,2.7439E-01,3.0488E-03,0,5.7927E-01,1.9309E-03
2012-09-27 18:05:39.810,0,3.0488E-02,1.2098E-01,0,0.0,0.0,0,6.0976E-02,1.3141E-02,0,2.1342E-01,1.3769E-02,0,1.8293E-01,2.0325E-03,0,4.2683E-01,1.4228E-03
2012-09-27 18:06:12.580,0,6.0976E-02,2.4197E-01,0,0.0,0.0,0,6.0976E-02,1.3141E-02,0,2.4390E-01,1.5736E-02,0,3.6585E-01,4.0650E-03,0,4.8780E-01,1.6260E-03
2012-09-27 18:06:45.347,0,3.0488E-02,1.2098E-01,0,3.0488E-02,9.3809E-02,0,9.1463E-02,1.9712E-02,0,1.8293E-01,1.1802E-02,0,3.0488E-01,3.3875E-03,0,3.6585E-01,1.2195E-03
2012-09-27 18:07:18.113,0,0.0,0.0,0,0.0,0.0,0,1.5244E-01,3.2853E-02,0,9.1463E-02,5.9009E-03,0,5.1829E-01,5.7588E-03,0,4.8780E-01,1.6260E-03
2012-09-27 18:07:50.883,0,0.0,0.0,0,3.0488E-02,9.3809E-02,0,6.0976E-02,1.3141E-02,0,6.0976E-02,3.9339E-03,0,1.8293E-01,2.0325E-03,0,4.2683E-01,1.4228E-03
2012-09-27 18:08:23.650,0,0.0,0.0,0,0.0,0.0,0,1.2195E-01,2.6283E-02,0,9.1463E-02,5.9009E-03,0,2.1342E-01,2.3713E-03,0,5.4878E-01,1.8293E-03
2012-09-27 18:08:56.417,0,0.0,0.0,0,3.0488E-02,9.3809E-02,0,6.0976E-02,1.3141E-02,0,2.4390E-01,1.5736E-02,0,4.5732E-01,5.0813E-03,0,7.6220E-01,2.5407E-03
2012-09-27 18:09:29.187,0,3.0488E-02,1.2098E-01,0,3.0488E-02,9.3809E-02,0,9.1463E-02,1.9712E-02,0,2.7439E-01,1.7703E-02,0,2.7439E-01,3.0488E-03,0,6.0976E-01,2.0325E-03
2012-09-27 18:10:01.953,0,0.0,0.0,0,0.0,0.0,0,1.8293E-01,3.9424E-02,0,1.5244E-01,9.8348E-03,0,2.7439E-01,3.0488E-03,0,3.6585E-01,1.2195E-03
2012-09-27 18:10:34.720,0,3.0488E-02,1.2098E-01,0,0.0,0.0,0,3.0488E-02,6.5707E-03,0,2.1342E-01,1.3769E-02,0,5.1829E-01,5.7588E-03,0,4.2683E-01,1.4228E-03
2012-09-27 18:11:07.487,0,0.0,0.0,0,0.0,0.0,0,6.0976E-02,1.3141E-02,0,0.0,0.0,0,3.6585E-01,4.0650E-03,0,7.6220E-01,2.5407E-03
2012-09-27 18:11:40.257,0,0.0,0.0,0,3.0488E-02,9.3809E-02,0,1.2195E-01,2.6283E-02,0,1.8293E-01,1.1802E-02,0,3.3537E-01,3.7263E-03,0,9.9085E-01,3.3029E-03
2012-09-27 18:12:13.023,0,6.0976E-02,2.4197E-01,0,3.0488E-02,9.3809E-02,0,3.0488E-02,6.5707E-03,0,1.5244E-01,9.8348E-03,0,3.3537E-01,3.7263E-03,0,4.5732E-01,1.5244E-03
2012-09-27 18:12:45.793,0,6.0976E-02,2.4197E-01,0,0.0,0.0,0,1.2195E-01,2.6283E-02,0,9.1463E-02,5.9009E-03,0,1.8293E-01,2.0325E-03,0,5.1829E-01,1.7276E-03
2012-09-27 18:13:18.560,0,3.0488E-02,1.2098E-01,0,0.0,0.0,0,0.0,0.0,0,1.2195E-01,7.8678E-03,0,5.7927E-01,6.4363E-03,0,7.3171E-01,2.4390E-03
2012-09-27 18:13:51.327,0,3.0488E-02,1.2098E-01,0,0.0,0.0,0,6.0976E-02,1.3141E-02,0,1.2195E-01,7.8678E-03,0,3.0488E-01,3.3875E-03,0,5.7927E-01,1.9309E-03
2012-09-27 18:14:24.097,0,3.0488E-02,1.2098E-01,0,0.0,0.0,0,6.0976E-02,1.3141E-02,0,1.2195E-01,7.8678E-03,0,4.5732E-01,5.0813E-03,0,5.1829E-01,1.7276E-03
2012-09-27 18:14:56.863,0,0.0,0.0,0,0.0,0.0,0,3.0488E-02,6.5707E-03,0,1.8293E-01,1.1802E-02,0,3.6585E-01,4.0650E-03,0,6.4024E-01,2.1342E-03
2012-09-27 18:15:29.630,0,0.0,0.0,0,3.0488E-02,9.3809E-02,0,2.1342E-01,4.5994E-02,0,1.8293E-01,1.1802E-02,0,5.1829E-01,5.7588E-03,0,6.0976E-01,2.0325E-03
2012-09-27 18:16:02.397,0,9.1463E-02,3.6295E-01,0,3.0488E-02,9.3809E-02,0,6.0976E-02,1.3141E-02,0,1.8293E-01,1.1802E-02,0,4.2683E-01,4.7426E-03,0,5.4878E-01,1.8293E-03
2012-09-27 18:16:35.167,0,0.0,0.0,0,3.0488E-02,9.3809E-02,0,0.0,0.0,0,1.2195E-01,7.8678E-03,0,4.2683E-01,4.7426E-03,0,5.7927E-01,1.9309E-03
2012-09-27 18:17:07.933,0,0.0,0.0,0,3.0488E-02,9.3809E-02,0,1.2195E-01,2.6283E-02,0,1.2195E-01,7.8678E-03,0,3.3537E-01,3.7263E-03,0,6.4024E-01,2.1342E-03
2012-09-27 18:17:40.700,0,3.0488E-02,1.2098E-01,0,0.0,0.0,0,9.1463E-02,1.9712E-02,0,1.8293E-01,1.1802E-02,0,3.9634E-01,4.4038E-03,0,7.0122E-01,2.3374E-03
2012-09-27 18:18:13.470,0,3.0488E-02,1.2098E-01,0,0.0,0.0,0,3.0488E-02,6.5707E-03,0,1.2195E-01,7.8678E-03,0,3.3537E-01,3.7263E-03,0,5.4878E-01,1.8293E-03
2012-09-27 18:18:46.237,0,3.0488E-02,1.2098E-01,0,0.0,0.0,0,1.2195E-01,2.6283E-02,0,9.1463E-02,5.9009E-03,0,3.0488E-01,3.3875E-03,0,3.9634E-01,1.3211E-03
2012-09-27 18:19:19.003,0,6.0976E-02,2.4197E-01,0,0.0,0.0,0,9.1463E-02,1.9712E-02,0,1.2195E-01,7.8678E-03,0,4.2683E-01,4.7426E-03,0,4.5732E-01,1.5244E-03
2012-09-27 18:19:51.773,0,3.0488E-02,1.2098E-01,0,3.0488E-02,9.3809E-02,0,9.1463E-02,1.9712E-02,0,2.4390E-01,1.5736E-02,0,3.0488E-01,3.3875E-03,0,4.8780E-01,1.6260E-03
2012-09-27 18:20:24.540,0,3.0488E-02,1.2098E-01,0,3.0488E-02,9.3809E-02,0,6.0976E-02,1.3141E-02,0,2.1342E-01,1.3769E-02,0,3.9634E-01,4.4038E-03,0,4.8780E-01,1.6260E-03
2012-09-27 18:20:57.307,0,0.0,0.0,0,6.0976E-02,1.8762E-01,0,6.0976E-02,1.3141E-02,0,9.1463E-02,5.9009E-03,0,4.8780E-01,5.4200E-03,0,5.4878E-01,1.8293E-03
2012-09-27 18:21:30.077,0,0.0,0.0,0,3.0488E-02,9.3809E-02,0,3.0488E-02,6.5707E-03,0,9.1463E-02,5.9009E-03,0,3.0488E-01,3.3875E-03,0,3.6585E-01,1.2195E-03
2012-09-27 18:22:02.843,0,0.0,0.0,0,0.0,0.0,0,1.2195E-01,2.6283E-02,0,3.0488E-01,1.9670E-02,0,3.0488E-01,3.3875E-03,0,6.0976E-01,2.0325E-03
2012-09-27 18:22:35.610,0,3.0488E-02,1.2098E-01,0,0.0,0.0,0,0.0,0.0,0,1.5244E-01,9.8348E-03,0,3.9634E-01,4.4038E-03,0,6.7073E-01,2.2358E-03
2012-09-27 18:23:08.380,0,3.0488E-02,1.2098E-01,0,0.0,0.0,0,6.0976E-02,1.3141E-02,0,1.5244E-01,9.8348E-03,0,4.8780E-01,5.4200E-03,0,9.1463E-01,3.0488E-03
2012-09-27 18:23:41.147,0,0.0,0.0,0,0.0,0.0,0,1.8293E-01,3.9424E-02,0,9.1463E-02,5.9009E-03,0,4.5732E-01,5.0813E-03,0,6.4024E-01,2.1342E-03
2012-09-27 18:24:13.913,0,0.0,0.0,0,0.0,0.0,0,3.0488E-02,6.5707E-03,0,2.1342E-01,1.3769E-02,0,3.9634E-01,4.4038E-03,0,5.7927E-01,1.9309E-03
2012-09-27 18:24:46.683,0,0.0,0.0,0,3.0488E-02,9.3809E-02,0,1.5244E-01,3.2853E-02,0,1.5244E-01,9.8348E-03,0,4.5732E-01,5.0813E-03,0,3.6585E-01,1.2195E-03
2012-09-27 18:25:19.450,0,3.0488E-02,1.2098E-01,0,0.0,0.0,0,3.0488E-02,6.5707E-03,0,1.5244E-01,9.8348E-03,0,3.3537E-01,3.7263E-03,0,5.1829E-01,1.7276E-03
2012-09-27 18:25:52.217,0,0.0,0.0,0,0.0,0.0,0,3.0488E-02,6.5707E-03,0,9.1463E-02,5.9009E-03,0,1.8293E-01,2.0325E-03,0,4.8780E-01,1.6260E-03
2012-09-27 18:26:24.987,0,0.0,0.0,0,0.0,0.0,0,1.2195E-01,2.6283E-02,0,1.5244E-01,9.8348E-03,0,4.2683E-01,4.7426E-03,0,5.1829E-01,1.7276E-03
2012-09-27 18:26:57.753,0,3.0488E-02,1.2098E-01,0,0.0,0.0,0,3.0488E-02,6.5707E-03,0,2.1342E-01,1.3769E-02,0,3.6585E-01,4.0650E-03,0,7.0122E-01,2.3374E-03
2012-09-27 18:27:30.520,0,3.0488E-02,1.2098E-01,0,0.0,0.0,0,0.0,0.0,0,2.4390E-01,1.5736E-02,0,3.6585E-01,4.0650E-03,0,6.7073E-01,2.2358E-03
2012-09-27 18:28:03.287,0,3.0488E-02,1.2098E-01,0,0.0,0.0,0,3.0488E-02,6.5707E-03,0,2.7439E-01,1.7703E-02,0,4.5732E-01,5.0813E-03,0,5.4878E-01,1.8293E-03
2012-09-27 18:28:36.057,0,0.0,0.0,0,3.0488E-02,9.3809E-02,0,0.0,0.0,0,3.0488E-01,1.9670E-02,0,3.9634E-01,4.4038E-03,0,5.7927E-01,1.9309E-03
2012-09-27 18:29:08.823,0,0.0,0.0,0,0.0,0.0,0,1.2195E-01,2.6283E-02,0,3.0488E-01,1.9670E-02,0,4.8780E-01,5.4200E-03,0,5.7927E-01,1.9309E-03
2012-09-27 18:29:41.590,0,6.0976E-02,2.4197E-01,0,0.0,0.0,0,6.0976E-02,1.3141E-02,0,3.3537E-01,2.1636E-02,0,3.6585E-01,4.0650E-03,0,6.0976E-01,2.0325E-03
2012-09-27 18:30:14.360,0,3.0488E-02,1.2098E-01,0,0.0,0.0,0,1.8293E-01,3.9424E-02,0,2.4390E-01,1.5736E-02,0,3.6585E-01,4.0650E-03,0,4.2683E-01,1.4228E-03
2012-09-27 18:30:47.127,0,0.0,0.0,0,0.0,0.0,0,6.0976E-02,1.3141E-02,0,6.0976E-02,3.9339E-03,0,2.1342E-01,2.3713E-03,0,7.9268E-01,2.6423E-03
2012-09-27 18:31:19.897,0,6.0976E-02,2.4197E-01,0,0.0,0.0,0,1.2195E-01,2.6283E-02,0,1.8293E-01,1.1802E-02,0,6.0976E-01,6.7751E-03,0,6.7073E-01,2.2358E-03
2012-09-27 18:31:52.663,0,0.0,0.0,0,6.0976E-02,1.8762E-01,0,6.0976E-02,1.3141E-02,0,1.8293E-01,1.1802E-02,0,3.6585E-01,4.0650E-03,0,7.6220E-01,2.5407E-03
2012-09-27 18:32:25.430,0,0.0,0.0,0,0.0,0.0,0,1.5244E-01,3.2853E-02,0,2.4390E-01,1.5736E-02,0,3.6585E-01,4.0650E-03,0,5.7927E-01,1.9309E-03
2012-09-27 18:32:58.197,0,9.1463E-02,3.6295E-01,0,0.0,0.0,0,6.0976E-02,1.3141E-02,0,6.0976E-02,3.9339E-03,0,4.2683E-01,4.7426E-03,0,5.7927E-01,1.9309E-03
2012-09-27 18:33:30.967,0,0.0,0.0,0,0.0,0.0,0,1.2195E-01,2.6283E-02,0,1.8293E-01,1.1802E-02,0,3.0488E-01,3.3875E-03,0,7.6220E-01,2.5407E-03
2012-09-27 18:34:03.733,0,0.0,0.0,0,0.0,0.0,0,1.2195E-01,2.6283E-02,0,6.0976E-02,3.9339E-03,0,3.3537E-01,3.7263E-03,0,4.8780E-01,1.6260E-03
2012-09-27 18:34:36.500,0,3.0488E-02,1.2098E-01,0,0.0,0.0,0,6.0976E-02,1.3141E-02,0,1.8293E-01,1.1802E-02,0,3.3537E-01,3.7263E-03,0,4.5732E-01,1.5244E-03
2012-09-27 18:35:09.270,0,0.0,0.0,0,0.0,0.0,0,0.0,0.0,0,2.4390E-01,1.5736E-02,0,1.8293E-01,2.0325E-03,0,6.0976E-01,2.0325E-03
2012-09-27 18:35:42.037,0,3.0488E-02,1.2098E-01,0,3.0488E-02,9.3809E-02,0,1.2195E-01,2.6283E-02,0,1.8293E-01,1.1802E-02,0,4.8780E-01,5.4200E-03,0,6.0976E-01,2.0325E-03
2012-09-27 18:36:14.803,0,3.0488E-02,1.2098E-01,0,0.0,0.0,0,0.0,0.0,0,1.5244E-01,9.8348E-03,0,2.4390E-01,2.7100E-03,0,7.0122E-01,2.3374E-03
2012-09-27 18:36:47.573,0,0.0,0.0,0,0.0,0.0,0,1.2195E-01,2.6283E-02,0,6.0976E-02,3.9339E-03,0,1.8293E-01,2.0325E-03,0,6.0976E-01,2.0325E-03
2012-09-27 18:37:20.340,0,6.0976E-02,2.4197E-01,0,0.0,0.0,0,6.0976E-02,1.3141E-02,0,9.1463E-02,5.9009E-03,0,6.0976E-01,6.7751E-03,0,5.1829E-01,1.7276E-03
2012-09-27 18:37:53.107,0,0.0,0.0,0,0.0,0.0,0,0.0,0.0,0,1.8293E-01,1.1802E-02,0,5.7927E-01,6.4363E-03,0,6.4024E-01,2.1342E-03
2012-09-27 18:38:25.877,0,3.0488E-02,1.2098E-01,0,0.0,0.0,0,9.1463E-02,1.9712E-02,0,9.1463E-02,5.9009E-03,0,3.3537E-01,3.7263E-03,0,4.8780E-01,1.6260E-03
2012-09-27 18:38:58.643,0,0.0,0.0,0,6.0976E-02,1.8762E-01,0,9.1463E-02,1.9712E-02,0,2.1342E-01,1.3769E-02,0,3.9634E-01,4.4038E-03,0,7.0122E-01,2.3374E-03
2012-09-27 18:39:31.410,0,0.0,0.0,0,0.0,0.0,0,1.2195E-01,2.6283E-02,0,3.3537E-01,2.1636E-02,0,3.6585E-01,4.0650E-03,0,5.4878E-01,1.8293E-03
2012-09-27 18:40:04.177,0,3.0488E-02,1.2098E-01,0,3.0488E-02,9.3809E-02,0,1.5244E-01,3.2853E-02,0,1.8293E-01,1.1802E-02,0,2.4390E-01,2.7100E-03,0,5.4878E-01,1.8293E-03
2012-09-27 18:40:36.947,0,6.0976E-02,2.4197E-01,0,3.0488E-02,9.3809E-02,0,6.0976E-02,1.3141E-02,0,2.7439E-01,1.7703E-02,0,3.9634E-01,4.4038E-03,0,6.0976E-01,2.0325E-03
2012-09-27 18:41:09.713,0,3.0488E-02,1.2098E-01,0,0.0,0.0,0,1.5244E-01,3.2853E-02,0,9.1463E-02,5.9009E-03,0,2.7439E-01,3.0488E-03,0,6.7073E-01,2.2358E-03
2012-09-27 18:41:42.483,0,0.0,0.0,0,0.0,0.0,0,6.0976E-02,1.3141E-02,0,1.5244E-01,9.8348E-03,0,3.9634E-01,4.4038E-03,0,3.3537E-01,1.1179E-03
2012-09-27 18:42:15.250,0,6.0976E-02,2.4197E-01,0,3.0488E-02,9.3809E-02,0,6.0976E-02,1.3141E-02,0,1.8293E-01,1.1802E-02,0,2.7439E-01,3.0488E-03,0,5.1829E-01,1.7276E-03
2012-09-27 18:42:48.017,0,3.0488E-02,1.2098E-01,0,0.0,0.0,0,1.5244E-01,3.2853E-02,0,2.1342E-01,1.3769E-02,0,2.4390E-01,2.7100E-03,0,7.3171E-01,2.4390E-03
2012-09-27 18:43:20.787,0,6.0976E-02,2.4197E-01,0,0.0,0.0,0,6.0976E-02,1.3141E-02,0,3.3537E-01,2.1636E-02,0,3.3537E-01,3.7263E-03,0,4.8780E-01,1.6260E-03
2012-09-27 18:43:53.553,0,0.0,0.0,0,0.0,0.0,0,0.0,0.0,0,2.4390E-01,1.5736E-02,0,1.5244E-01,1.6938E-03,0,6.0976E-01,2.0325E-03
2012-09-27 18:44:26.320,0,0.0,0.0,0,6.0976E-02,1.8762E-01,0,9.1463E-02,1.9712E-02,0,2.1342E-01,1.3769E-02,0,3.6585E-01,4.0650E-03,0,4.8780E-01,1.6260E-03
2012-09-27 18:44:59.087,0,0.0,0.0,0,0.0,0.0,0,6.0976E-02,1.3141E-02,0,1.2195E-01,7.8678E-03,0,2.4390E-01,2.7100E-03,0,5.7927E-01,1.9309E-03
2012-09-27 18:45:31.857,0,3.0488E-02,1.2098E-01,0,0.0,0.0,0,9.1463E-02,1.9712E-02,0,2.1342E-01,1.3769E-02,0,2.4390E-01,2.7100E-03,0,5.4878E-01,1.8293E-03
2012-09-27 18:46:04.623,0,0.0,0.0,0,0.0,0.0,0,9.1463E-02,1.9712E-02,0,2.4390E-01,1.5736E-02,0,3.0488E-01,3.3875E-03,0,3.6585E-01,1.2195E-03
2012-09-27 18:46:37.390,0,3.0488E-02,1.2098E-01,0,0.0,0.0,0,6.0976E-02,1.3141E-02,0,1.5244E-01,9.8348E-03,0,2.4390E-01,2.7100E-03,0,4.2683E-01,1.4228E-03
2012-09-27 18:47:10.160,0,0.0,0.0,0,0.0,0.0,0,1.2195E-01,2.6283E-02,0,1.2195E-01,7.8678E-03,0,2.7439E-01,3.0488E-03,0,5.1829E-01,1.7276E-03
2012-09-27 18:47:42.927,0,3.0488E-02,1.2098E-01,0,3.0488E-02,9.3809E-02,0,9.1463E-02,1.9712E-02,0,6.0976E-02,3.9339E-03,0,3.0488E-01,3.3875E-03,0,5.7927E-01,1.9309E-03
2012-09-27 18:48:15.693,0,3.0488E-02,1.2098E-01,0,3.0488E-02,9.3809E-02,0,9.1463E-02,1.9712E-02,0,1.2195E-01,7.8678E-03,0,4.8780E-01,5.4200E-03,0,5.7927E-01,1.9309E-03
2012-09-27 18:48:48.463,0,0.0,0.0,0,0.0,0.0,0,3.0488E-02,6.5707E-03,0,9.1463E-02,5.9009E-03,0,4.2683E-01,4.7426E-03,0,4.8780E-01,1.6260E-03
2012-09-27 18:49:21.230,0,0.0,0.0,0,0.0,0.0,0,9.1463E-02,1.9712E-02,0,3.0488E-01,1.9670E-02,0,3.3537E-01,3.7263E-03,0,6.7073E-01,2.2358E-03
2012-09-27 18:49:53.997,0,6.0976E-02,2.4197E-01,0,3.0488E-02,9.3809E-02,0,0.0,0.0,0,9.1463E-02,5.9009E-03,0,5.1829E-01,5.7588E-03,0,5.4878E-01,1.8293E-03
2012-09-27 18:50:26.767,0,0.0,0.0,0,0.0,0.0,0,9.1463E-02,1.9712E-02,0,2.7439E-01,1.7703E-02,0,2.4390E-01,2.7100E-03,0,4.8780E-01,1.6260E-03
2012-09-27 18:50:59.533,0,3.0488E-02,1.2098E-01,0,0.0,0.0,0,0.0,0.0,0,2.1342E-01,1.3769E-02,0,3.6585E-01,4.0650E-03,0,7.0122E-01,2.3374E-03
2012-09-27 18:51:32.300,0,0.0,0.0,0,0.0,0.0,0,3.0488E-02,6.5707E-03,0,3.9634E-01,2.5570E-02,0,5.7927E-01,6.4363E-03,0,3.0488E-01,1.0163E-03
2012-09-27 18:52:05.070,0,0.0,0.0,0,0.0,0.0,0,0.0,0.0,0,3.0488E-01,1.9670E-02,0,3.6585E-01,4.0650E-03,0,4.8780E-01,1.6260E-03
2012-09-27 18:52:37.837,0,3.0488E-02,1.2098E-01,0,3.0488E-02,9.3809E-02,0,1.2195E-01,2.6283E-02,0,2.4390E-01,1.5736E-02,0,3.0488E-01,3.3875E-03,0,5.7927E-01,1.9309E-03
2012-09-27 18:53:10.603,0,3.0488E-02,1.2098E-01,0,0.0,0.0,0,3.0488E-02,6.5707E-03,0,2.4390E-01,1.5736E-02,0,3.3537E-01,3.7263E-03,0,5.7927E-01,1.9309E-03
2012-09-27 18:53:43.373,0,0.0,0.0,0,3.0488E-02,9.3809E-02,0,0.0,0.0,0,2.7439E-01,1.7703E-02,0,3.9634E-01,4.4038E-03,0,6.0976E-01,2.0325E-03
2012-09-27 18:54:16.140,0,6.0976E-02,2.4197E-01,0,3.0488E-02,9.3809E-02,0,3.0488E-02,6.5707E-03,0,3.3537E-01,2.1636E-02,0,2.1342E-01,2.3713E-03,0,6.0976E-01,2.0325E-03
2012-09-27 18:54:48.907,0,6.0976E-02,2.4197E-01,0,3.0488E-02,9.3809E-02,0,3.0488E-02,6.5707E-03,0,3.0488E-01,1.9670E-02,0,4.2683E-01,4.7426E-03,0,7.0122E-01,2.3374E-03
2012-09-27 18:55:21.677,0,0.0,0.0,0,3.0488E-02,9.3809E-02,0,9.1463E-02,1.9712E-02,0,6.0976E-02,3.9339E-03,0,2.4390E-01,2.7100E-03,0,6.7073E-01,2.2358E-03
2012-09-27 18:55:54.443,0,0.0,0.0,0,0.0,0.0,0,9.1463E-02,1.9712E-02,0,1.8293E-01,1.1802E-02,0,2.4390E-01,2.7100E-03,0,6.4024E-01,2.1342E-03
2012-09-27 18:56:27.210,0,0.0,0.0,0,3.0488E-02,9.3809E-02,0,1.5244E-01,3.2853E-02,0,1.8293E-01,1.1802E-02,0,4.8780E-01,5.4200E-03,0,7.3171E-01,2.4390E-03
2012-09-27 18:56:59.977,0,3.0488E-02,1.2098E-01,0,0.0,0.0,0,1.2195E-01,2.6283E-02,0,2.7439E-01,1.7703E-02,0,4.8780E-01,5.4200E-03,0,4.2683E-01,1.4228E-03
2012-09-27 18:57:32.747,0,0.0,0.0,0,0.0,0.0,0,9.1463E-02,1.9712E-02,0,2.4390E-01,1.5736E-02,0,4.2683E-01,4.7426E-03,0,4.2683E-01,1.4228E-03
2012-09-27 18:58:05.513,0,0.0,0.0,0,3.0488E-02,9.3809E-02,0,1.2195E-01,2.6283E-02,0,2.7439E-01,1.7703E-02,0,4.8780E-01,5.4200E-03,0,4.8780E-01,1.6260E-03
2012-09-27 18:58:38.283,0,0.0,0.0,0,0.0,0.0,0,6.0976E-02,1.3141E-02,0,2.4390E-01,1.5736E-02,0,4.5732E-01,5.0813E-03,0,6.0976E-01,2.0325E-03
2012-09-27 18:59:11.050,0,0.0,0.0,0,0.0,0.0,0,9.1463E-02,1.9712E-02,0,1.2195E-01,7.8678E-03,0,3.0488E-01,3.3875E-03,0,7.3171E-01,2.4390E-03
2012-09-27 18:59:43.817,0,6.0976E-02,2.4197E-01,0,3.0488E-02,9.3809E-02,0,3.0488E-02,6.5707E-03,0,3.0488E-01,1.9670E-02,0,3.9634E-01,4.4038E-03,0,4.8780E-01,1.6260E-03
2012-09-27 19:00:16.587,0,3.0488E-02,1.2098E-01,0,0.0,0.0,0,9.1463E-02,1.9712E-02,0,2.1342E-01,1.3769E-02,0,2.7439E-01,3.0488E-03,0,6.0976E-01,2.0325E-03
2012-09-27 19:00:49.353,0,3.0488E-02,1.2098E-01,0,0.0,0.0,0,3.0488E-02,6.5707E-03,0,1.5244E-01,9.8348E-03,0,2.4390E-01,2.7100E-03,0,4.5732E-01,1.5244E-03
2012-09-27 19:01:22.120,0,9.1463E-02,3.6295E-01,0,0.0,0.0,0,1.2195E-01,2.6283E-02,0,1.8293E-01,1.1802E-02,0,3.0488E-01,3.3875E-03,0,4.8780E-01,1.6260E-03
2012-09-27 19:01:54.887,0,0.0,0.0,0,0.0,0.0,0,3.0488E-02,6.5707E-03,0,0.0,0.0,0,3.0488E-01,3.3875E-03,0,4.5732E-01,1.5244E-03
2012-09-27 19:02:27.657,0,0.0,0.0,0,3.0488E-02,9.3809E-02,0,9.1463E-02,1.9712E-02,0,6.0976E-02,3.9339E-03,0,3.6585E-01,4.0650E-03,0,5.7927E-01,1.9309E-03
2012-09-27 19:03:00.423,0,6.0976E-02,2.4197E-01,0,0.0,0.0,0,9.1463E-02,1.9712E-02,0,1.2195E-01,7.8678E-03,0,3.3537E-01,3.7263E-03,0,5.4878E-01,1.8293E-03
2012-09-27 19:03:33.190,0,3.0488E-02,1.2098E-01,0,3.0488E-02,9.3809E-02,0,9.1463E-02,1.9712E-02,0,1.8293E-01,1.1802E-02,0,3.0488E-01,3.3875E-03,0,8.2317E-01,2.7439E-03
2012-09-27 19:04:05.960,0,6.0976E-02,2.4197E-01,0,0.0,0.0,0,9.1463E-02,1.9712E-02,0,2.1342E-01,1.3769E-02,0,3.3537E-01,3.7263E-03,0,5.1829E-01,1.7276E-03
2012-09-27 19:04:38.727,0,0.0,0.0,0,0.0,0.0,0,9.1463E-02,1.9712E-02,0,1.2195E-01,7.8678E-03,0,3.3537E-01,3.7263E-03,0,4.2683E-01,1.4228E-03
2012-09-27 19:05:11.493,0,6.0976E-02,2.4197E-01,0,0.0,0.0,0,1.5244E-01,3.2853E-02,0,3.0488E-01,1.9670E-02,0,3.9634E-01,4.4038E-03,0,5.4878E-01,1.8293E-03
2012-09-27 19:05:44.263,0,0.0,0.0,0,0.0,0.0,0,9.1463E-02,1.9712E-02,0,2.4390E-01,1.5736E-02,0,3.3537E-01,3.7263E-03,0,6.7073E-01,2.2358E-03
2012-09-27 19:06:17.030,0,0.0,0.0,0,3.0488E-02,9.3809E-02,0,3.0488E-02,6.5707E-03,0,1.8293E-01,1.1802E-02,0,3.9634E-01,4.4038E-03,0,6.7073E-01,2.2358E-03
2012-09-27 19:06:49.797,0,0.0,0.0,0,0.0,0.0,0,3.0488E-02,6.5707E-03,0,2.1342E-01,1.3769E-02,0,3.0488E-01,3.3875E-03,0,5.7927E-01,1.9309E-03
2012-09-27 19:07:22.567,0,3.0488E-02,1.2098E-01,0,0.0,0.0,0,3.0488E-02,6.5707E-03,0,2.1342E-01,1.3769E-02,0,5.4878E-01,6.0976E-03,0,7.6220E-01,2.5407E-03
2012-09-27 19:07:55.333,0,3.0488E-02,1.2098E-01,0,0.0,0.0,0,6.0976E-02,1.3141E-02,0,1.2195E-01,7.8678E-03,0,2.4390E-01,2.7100E-03,0,6.7073E-01,2.2358E-03
2012-09-27 19:08:28.100,0,0.0,0.0,0,3.0488E-02,9.3809E-02,0,1.5244E-01,3.2853E-02,0,9.1463E-02,5.9009E-03,0,2.4390E-01,2.7100E-03,0,5.1829E-01,1.7276E-03
2012-09-27 19:09:00.870,0,3.0488E-02,1.2098E-01,0,0.0,0.0,0,1.2195E-01,2.6283E-02,0,2.4390E-01,1.5736E-02,0,4.8780E-01,5.4200E-03,0,3.9634E-01,1.3211E-03
2012-09-27 19:09:33.637,0,3.0488E-02,1.2098E-01,0,0.0,0.0,0,9.1463E-02,1.9712E-02,0,2.7439E-01,1.7703E-02,0,4.2683E-01,4.7426E-03,0,4.2683E-01,1.4228E-03
2012-09-27 19:10:06.403,0,0.0,0.0,0,0.0,0.0,0,9.1463E-02,1.9712E-02,0,2.1342E-01,1.3769E-02,0,2.7439E-01,3.0488E-03,0,3.6585E-01,1.2195E-03
2012-09-27 19:10:39.173,0,0.0,0.0,0,0.0,0.0,0,3.0488E-02,6.5707E-03,0,1.2195E-01,7.8678E-03,0,2.7439E-01,3.0488E-03,0,6.0976E-01,2.0325E-03
2012-09-27 19:11:11.940,0,3.0488E-02,1.2098E-01,0,3.0488E-02,9.3809E-02,0,3.0488E-02,6.5707E-03,0,6.0976E-02,3.9339E-03,0,2.4390E-01,2.7100E-03,0,6.4024E-01,2.1342E-03
2012-09-27 19:11:44.707,0,0.0,0.0,0,0.0,0.0,0,3.0488E-02,6.5707E-03,0,1.8293E-01,1.1802E-02,0,4.5732E-01,5.0813E-03,0,7.0122E-01,2.3374E-03
2012-09-27 19:12:17.477,0,6.0976E-02,2.4197E-01,0,3.0488E-02,9.3809E-02,0,9.1463E-02,1.9712E-02,0,2.1342E-01,1.3769E-02,0,3.3537E-01,3.7263E-03,0,5.1829E-01,1.7276E-03
2012-09-27 19:12:50.243,0,0.0,0.0,0,0.0,0.0,0,6.0976E-02,1.3141E-02,0,9.1463E-02,5.9009E-03,0,2.1342E-01,2.3713E-03,0,6.7073E-01,2.2358E-03
2012-09-27 19:13:23.010,0,0.0,0.0,0,0.0,0.0,0,9.1463E-02,1.9712E-02,0,2.4390E-01,1.5736E-02,0,4.5732E-01,5.0813E-03,0,6.0976E-01,2.0325E-03
2012-09-27 19:13:55.777,0,0.0,0.0,0,0.0,0.0,0,6.0976E-02,1.3141E-02,0,9.1463E-02,5.9009E-03,0,3.3537E-01,3.7263E-03,0,6.4024E-01,2.1342E-03
2012-09-27 19:14:28.547,0,3.0488E-02,1.2098E-01,0,0.0,0.0,0,6.0976E-02,1.3141E-02,0,3.0488E-02,1.9670E-03,0,6.0976E-01,6.7751E-03,0,5.4878E-01,1.8293E-03
2012-09-27 19:15:01.313,0,0.0,0.0,0,0.0,0.0,0,9.1463E-02,1.9712E-02,0,3.3537E-01,2.1636E-02,0,4.5732E-01,5.0813E-03,0,4.8780E-01,1.6260E-03
2012-09-27 19:15:34.083,0,0.0,0.0,0,0.0,0.0,0,6.0976E-02,1.3141E-02,0,1.5244E-01,9.8348E-03,0,3.6585E-01,4.0650E-03,0,5.1829E-01,1.7276E-03
2012-09-27 19:16:06.850,0,0.0,0.0,0,0.0,0.0,0,3.0488E-02,6.5707E-03,0,1.8293E-01,1.1802E-02,0,3.9634E-01,4.4038E-03,0,7.9268E-01,2.6423E-03
2012-09-27 19:16:39.617,0,3.0488E-02,1.2098E-01,0,3.0488E-02,9.3809E-02,0,1.5244E-01,3.2853E-02,0,2.7439E-01,1.7703E-02,0,4.8780E-01,5.4200E-03,0,4.2683E-01,1.4228E-03
2012-09-27 19:17:12.387,0,0.0,0.0,0,6.0976E-02,1.8762E-01,0,6.0976E-02,1.3141E-02,0,1.8293E-01,1.1802E-02,0,3.9634E-01,4.4038E-03,0,5.1829E-01,1.7276E-03
2012-09-27 19:17:45.153,0,0.0,0.0,0,0.0,0.0,0,1.2195E-01,2.6283E-02,0,1.5244E-01,9.8348E-03,0,5.7927E-01,6.4363E-03,0,6.0976E-01,2.0325E-03
2012-09-27 19:18:17.920,0,0.0,0.0,0,0.0,0.0,0,1.2195E-01,2.6283E-02,0,2.7439E-01,1.7703E-02,0,3.6585E-01,4.0650E-03,0,5.1829E-01,1.7276E-03
2012-09-27 19:18:50.687,0,0.0,0.0,0,0.0,0.0,0,1.5244E-01,3.2853E-02,0,9.1463E-02,5.9009E-03,0,2.1342E-01,2.3713E-03,0,7.3171E-01,2.4390E-03
2012-09-27 19:19:23.457,0,0.0,0.0,0,3.0488E-02,9.3809E-02,0,6.0976E-02,1.3141E-02,0,1.2195E-01,7.8678E-03,0,3.6585E-01,4.0650E-03,0,4.5732E-01,1.5244E-03
2012-09-27 19:19:56.223,0,0.0,0.0,0,6.0976E-02,1.8762E-01,0,3.0488E-02,6.5707E-03,0,2.4390E-01,1.5736E-02,0,1.5244E-01,1.6938E-03,0,4.8780E-01,1.6260E-03
2012-09-27 19:20:28.990,0,0.0,0.0,0,3.0488E-02,9.3809E-02,0,1.5244E-01,3.2853E-02,0,2.1342E-01,1.3769E-02,0,4.2683E-01,4.7426E-03,0,6.4024E-01,2.1342E-03
2012-09-27 19:21:01.760,0,0.0,0.0,0,0.0,0.0,0,6.0976E-02,1.3141E-02,0,9.1463E-02,5.9009E-03,0,2.1342E-01,2.3713E-03,0,4.2683E-01,1.4228E-03
2012-09-27 19:21:34.527,0,6.0976E-02,2.4197E-01,0,3.0488E-02,9.3809E-02,0,1.5244E-01,3.2853E-02,0,1.2195E-01,7.8678E-03,0,4.2683E-01,4.7426E-03,0,5.7927E-01,1.9309E-03
2012-09-27 19:22:07.297,0,3.0488E-02,1.2098E-01,0,0.0,0.0,0,9.1463E-02,1.9712E-02,0,2.1342E-01,1.3769E-02,0,5.4878E-01,6.0976E-03,0,5.4878E-01,1.8293E-03
2012-09-27 19:22:40.063,0,0.0,0.0,0,0.0,0.0,0,6.0976E-02,1.3141E-02,0,3.0488E-01,1.9670E-02,0,3.6585E-01,4.0650E-03,0,7.0122E-01,2.3374E-03
2012-09-27 19:23:12.830,0,0.0,0.0,0,3.0488E-02,9.3809E-02,0,6.0976E-02,1.3141E-02,0,2.1342E-01,1.3769E-02,0,3.3537E-01,3.7263E-03,0,6.7073E-01,2.2358E-03
2012-09-27 19:23:45.597,0,0.0,0.0,0,0.0,0.0,0,1.2195E-01,2.6283E-02,0,3.6585E-01,2.3604E-02,0,3.3537E-01,3.7263E-03,0,4.8780E-01,1.6260E-03
2012-09-27 19:24:18.367,0,6.0976E-02,2.4197E-01,0,3.0488E-02,9.3809E-02,0,1.8293E-01,3.9424E-02,0,1.8293E-01,1.1802E-02,0,3.9634E-01,4.4038E-03,0,6.4024E-01,2.1342E-03
2012-09-27 19:24:51.133,0,0.0,0.0,0,3.0488E-02,9.3809E-02,0,3.0488E-02,6.5707E-03,0,2.1342E-01,1.3769E-02,0,1.2195E-01,1.3550E-03,0,7.0122E-01,2.3374E-03
2012-09-27 19:25:23.900,0,6.0976E-02,2.4197E-01,0,3.0488E-02,9.3809E-02,0,3.0488E-02,6.5707E-03,0,2.4390E-01,1.5736E-02,0,4.2683E-01,4.7426E-03,0,6.7073E-01,2.2358E-03
2012-09-27 19:25:56.670,0,0.0,0.0,0,0.0,0.0,0,6.0976E-02,1.3141E-02,0,0.0,0.0,0,5.1829E-01,5.7588E-03,0,7.3171E-01,2.4390E-03
2012-09-27 19:26:29.437,0,3.0488E-02,1.2098E-01,0,3.0488E-02,9.3809E-02,0,6.0976E-02,1.3141E-02,0,1.2195E-01,7.8678E-03,0,3.9634E-01,4.4038E-03,0,6.0976E-01,2.0325E-03
2012-09-27 19:27:02.203,0,3.0488E-02,1.2098E-01,0,3.0488E-02,9.3809E-02,0,1.2195E-01,2.6283E-02,0,1.5244E-01,9.8348E-03,0,3.0488E-01,3.3875E-03,0,5.4878E-01,1.8293E-03
2012-09-27 19:27:34.973,0,3.0488E-02,1.2098E-01,0,0.0,0.0,0,1.2195E-01,2.6283E-02,0,3.3537E-01,2.1636E-02,0,4.8780E-01,5.4200E-03,0,6.4024E-01,2.1342E-03
2012-09-27 19:28:07.740,0,0.0,0.0,0,0.0,0.0,0,9.1463E-02,1.9712E-02,0,1.8293E-01,1.1802E-02,0,4.5732E-01,5.0813E-03,0,5.1829E-01,1.7276E-03
2012-09-27 19:28:40.507,0,3.0488E-02,1.2098E-01,0,0.0,0.0,0,1.2195E-01,2.6283E-02,0,2.4390E-01,1.5736E-02,0,4.2683E-01,4.7426E-03,0,5.7927E-01,1.9309E-03
2012-09-27 19:29:13.277,0,3.0488E-02,1.2098E-01,0,0.0,0.0,0,1.8293E-01,3.9424E-02,0,2.4390E-01,1.5736E-02,0,3.6585E-01,4.0650E-03,0,3.3537E-01,1.1179E-03
2012-09-27 19:29:46.043,0,0.0,0.0,0,6.0976E-02,1.8762E-01,0,6.0976E-02,1.3141E-02,0,2.1342E-01,1.3769E-02,0,3.0488E-01,3.3875E-03,0,4.5732E-01,1.5244E-03
2012-09-27 19:30:18.810,0,3.0488E-02,1.2098E-01,0,0.0,0.0,0,9.1463E-02,1.9712E-02,0,2.4390E-01,1.5736E-02,0,3.6585E-01,4.0650E-03,0,5.1829E-01,1.7276E-03
2012-09-27 19:30:51.580,0,3.0488E-02,1.2098E-01,0,0.0,0.0,0,9.1463E-02,1.9712E-02,0,1.2195E-01,7.8678E-03,0,4.2683E-01,4.7426E-03,0,5.1829E-01,1.7276E-03
2012-09-27 19:31:24.347,0,0.0,0.0,0,3.0488E-02,9.3809E-02,0,9.1463E-02,1.9712E-02,0,2.4390E-01,1.5736E-02,0,4.8780E-01,5.4200E-03,0,5.4878E-01,1.8293E-03
2012-09-27 19:31:57.113,0,0.0,0.0,0,0.0,0.0,0,3.0488E-02,6.5707E-03,0,2.1342E-01,1.3769E-02,0,4.2683E-01,4.7426E-03,0,5.4878E-01,1.8293E-03
2012-09-27 19:32:29.883,0,0.0,0.0,0,0.0,0.0,0,3.0488E-02,6.5707E-03,0,1.8293E-01,1.1802E-02,0,3.0488E-01,3.3875E-03,0,5.4878E-01,1.8293E-03
2012-09-27 19:33:02.650,0,0.0,0.0,0,6.0976E-02,1.8762E-01,0,9.1463E-02,1.9712E-02,0,3.3537E-01,2.1636E-02,0,2.7439E-01,3.0488E-03,0,5.1829E-01,1.7276E-03
2012-09-27 19:33:35.417,0,3.0488E-02,1.2098E-01,0,0.0,0.0,0,3.0488E-02,6.5707E-03,0,1.5244E-01,9.8348E-03,0,3.3537E-01,3.7263E-03,0,9.4512E-01,3.1504E-03
2012-09-27 19:34:08.187,0,0.0,0.0,0,0.0,0.0,0,1.2195E-01,2.6283E-02,0,3.0488E-01,1.9670E-02,0,3.9634E-01,4.4038E-03,0,7.0122E-01,2.3374E-03
2012-09-27 19:34:40.953,0,0.0,0.0,0,3.0488E-02,9.3809E-02,0,3.0488E-02,6.5707E-03,0,6.0976E-02,3.9339E-03,0,4.2683E-01,4.7426E-03,0,6.0976E-01,2.0325E-03
2012-09-27 19:35:13.720,0,3.0488E-02,1.2098E-01,0,0.0,0.0,0,1.2195E-01,2.6283E-02,0,9.1463E-02,5.9009E-03,0,3.6585E-01,4.0650E-03,0,4.8780E-01,1.6260E-03
2012-09-27 19:35:46.487,0,3.0488E-02,1.2098E-01,0,3.0488E-02,9.3809E-02,0,1.2195E-01,2.6283E-02,0,1.2195E-01,7.8678E-03,0,4.2683E-01,4.7426E-03,0,3.9634E-01,1.3211E-03
2012-09-27 19:36:19.257,0,0.0,0.0,0,3.0488E-02,9.3809E-02,0,1.5244E-01,3.2853E-02,0,2.7439E-01,1.7703E-02,0,5.7927E-01,6.4363E-03,0,3.9634E-01,1.3211E-03
2012-09-27 19:36:52.023,0,0.0,0.0,0,0.0,0.0,0,3.0488E-02,6.5707E-03,0,1.8293E-01,1.1802E-02,0,3.0488E-01,3.3875E-03,0,6.7073E-01,2.2358E-03
2012-09-27 19:37:24.793,0,3.0488E-02,1.2098E-01,0,0.0,0.0,0,6.0976E-02,1.3141E-02,0,9.1463E-02,5.9009E-03,0,4.2683E-01,4.7426E-03,0,7.9268E-01,2.6423E-03
2012-09-27 19:37:57.560,0,0.0,0.0,0,0.0,0.0,0,1.5244E-01,3.2853E-02,0,9.1463E-02,5.9009E-03,0,3.0488E-01,3.3875E-03,0,7.0122E-01,2.3374E-03
2012-09-27 19:38:30.327,0,3.0488E-02,1.2098E-01,0,3.0488E-02,9.3809E-02,0,0.0,0.0,0,2.1342E-01,1.3769E-02,0,2.4390E-01,2.7100E-03,0,6.7073E-01,2.2358E-03
2012-09-27 19:39:03.097,0,1.2195E-01,4.8393E-01,0,0.0,0.0,0,6.0976E-02,1.3141E-02,0,2.7439E-01,1.7703E-02,0,2.1342E-01,2.3713E-03,0,5.7927E-01,1.9309E-03
2012-09-27 19:39:35.863,0,3.0488E-02,1.2098E-01,0,3.0488E-02,9.3809E-02,0,6.0976E-02,1.3141E-02,0,1.5244E-01,9.8348E-03,0,3.6585E-01,4.0650E-03,0,7.6220E-01,2.5407E-03
2012-09-27 19:40:08.630,0,0.0,0.0,0,3.0488E-02,9.3809E-02,0,3.0488E-02,6.5707E-03,0,1.8293E-01,1.1802E-02,0,3.3537E-01,3.7263E-03,0,6.4024E-01,2.1342E-03
2012-09-27 19:40:41.397,0,0.0,0.0,0,0.0,0.0,0,9.1463E-02,1.9712E-02,0,9.1463E-02,5.9009E-03,0,3.9634E-01,4.4038E-03,0,5.7927E-01,1.9309E-03
2012-09-27 19:41:14.167,0,3.0488E-02,1.2098E-01,0,0.0,0.0,0,1.5244E-01,3.2853E-02,0,2.4390E-01,1.5736E-02,0,4.8780E-01,5.4200E-03,0,5.4878E-01,1.8293E-03
2012-09-27 19:41:46.933,0,0.0,0.0,0,3.0488E-02,9.3809E-02,0,3.0488E-02,6.5707E-03,0,3.0488E-01,1.9670E-02,0,2.7439E-01,3.0488E-03,0,8.2317E-01,2.7439E-03
2012-09-27 19:42:19.700,0,0.0,0.0,0,3.0488E-02,9.3809E-02,0,1.2195E-01,2.6283E-02,0,3.0488E-01,1.9670E-02,0,3.0488E-01,3.3875E-03,0,6.0976E-01,2.0325E-03
2012-09-27 19:42:52.470,0,0.0,0.0,0,0.0,0.0,0,1.8293E-01,3.9424E-02,0,9.1463E-02,5.9009E-03,0,2.7439E-01,3.0488E-03,0,6.7073E-01,2.2358E-03
2012-09-27 19:43:25.237,0,3.0488E-02,1.2098E-01,0,0.0,0.0,0,3.0488E-02,6.5707E-03,0,6.0976E-02,3.9339E-03,0,1.8293E-01,2.0325E-03,0,7.6220E-01,2.5407E-03
2012-09-27 19:43:58.007,0,6.0976E-02,2.4197E-01,0,3.0488E-02,9.3809E-02,0,9.1463E-02,1.9712E-02,0,9.1463E-02,5.9009E-03,0,4.8780E-01,5.4200E-03,0,4.2683E-01,1.4228E-03
2012-09-27 19:44:30.773,0,3.0488E-02,1.2098E-01,0,0.0,0.0,0,3.0488E-02,6.5707E-03,0,1.5244E-01,9.8348E-03,0,4.2683E-01,4.7426E-03,0,5.4878E-01,1.8293E-03
2012-09-27 19:45:03.540,0,3.0488E-02,1.2098E-01,0,3.0488E-02,9.3809E-02,0,0.0,0.0,0,1.2195E-01,7.8678E-03,0,5.1829E-01,5.7588E-03,0,3.9634E-01,1.3211E-03
2012-09-27 19:45:36.307,0,3.0488E-02,1.2098E-01,0,6.0976E-02,1.8762E-01,0,1.5244E-01,3.2853E-02,0,6.0976E-02,3.9339E-03,0,3.9634E-01,4.4038E-03,0,8.5366E-01,2.8455E-03
2012-09-27 19:46:09.077,0,0.0,0.0,0,6.0976E-02,1.8762E-01,0,0.0,0.0,0,1.2195E-01,7.8678E-03,0,4.8780E-01,5.4200E-03,0,6.4024E-01,2.1342E-03
2012-09-27 19:46:41.843,0,0.0,0.0,0,0.0,0.0,0,1.5244E-01,3.2853E-02,0,1.8293E-01,1.1802E-02,0,2.4390E-01,2.7100E-03,0,5.1829E-01,1.7276E-03
2012-09-27 19:47:14.610,0,0.0,0.0,0,3.0488E-02,9.3809E-02,0,2.1342E-01,4.5994E-02,0,2.7439E-01,1.7703E-02,0,4.8780E-01,5.4200E-03,0,5.4878E-01,1.8293E-03
2012-09-27 19:47:47.380,0,6.0976E-02,2.4197E-01,0,0.0,0.0,0,1.2195E-01,2.6283E-02,0,1.2195E-01,7.8678E-03,0,3.9634E-01,4.4038E-03,0,8.2317E-01,2.7439E-03
2012-09-27 19:48:20.147,0,0.0,0.0,0,0.0,0.0,0,6.0976E-02,1.3141E-02,0,4.8780E-01,3.1471E-02,0,4.5732E-01,5.0813E-03,0,5.7927E-01,1.9309E-03
2012-09-27 19:48:52.913,0,3.0488E-02,1.2098E-01,0,3.0488E-02,9.3809E-02,0,1.2195E-01,2.6283E-02,0,1.2195E-01,7.8678E-03,0,3.9634E-01,4.4038E-03,0,6.4024E-01,2.1342E-03
2012-09-27 19:49:25.683,0,3.0488E-02,1.2098E-01,0,3.0488E-02,9.3809E-02,0,3.0488E-02,6.5707E-03,0,9.1463E-02,5.9009E-03,0,6.0976E-01,6.7751E-03,0,6.0976E-01,2.0325E-03
2012-09-27 19:49:58.450,0,0.0,0.0,0,3.0488E-02,9.3809E-02,0,0.0,0.0,0,1.2195E-01,7.8678E-03,0,3.9634E-01,4.4038E-03,0,5.1829E-01,1.7276E-03
2012-09-27 19:50:31.217,0,3.0488E-02,1.2098E-01,0,0.0,0.0,0,3.0488E-02,6.5707E-03,0,1.8293E-01,1.1802E-02,0,4.8780E-01,5.4200E-03,0,5.7927E-01,1.9309E-03
2012-09-27 19:51:03.987,0,0.0,0.0,0,0.0,0.0,0,1.2195E-01,2.6283E-02,0,1.8293E-01,1.1802E-02,0,5.1829E-01,5.7588E-03,0,1.1128E+00,3.7094E-03
2012-09-27 19:51:36.753,0,3.0488E-02,1.2098E-01,0,0.0,0.0,0,1.2195E-01,2.6283E-02,0,1.8293E-01,1.1802E-02,0,7.0122E-01,7.7913E-03,0,6.4024E-01,2.1342E-03
2012-09-27 19:52:09.520,0,3.0488E-02,1.2098E-01,0,0.0,0.0,0,1.2195E-01,2.6283E-02,0,1.5244E-01,9.8348E-03,0,2.1342E-01,2.3713E-03,0,6.0976E-01,2.0325E-03
2012-09-27 19:52:42.290,0,3.0488E-02,1.2098E-01,0,0.0,0.0,0,9.1463E-02,1.9712E-02,0,2.7439E-01,1.7703E-02,0,3.9634E-01,4.4038E-03,0,4.5732E-01,1.5244E-03
2012-09-27 19:53:15.057,0,0.0,0.0,0,3.0488E-02,9.3809E-02,0,3.0488E-02,6.5707E-03,0,1.8293E-01,1.1802E-02,0,4.8780E-01,5.4200E-03,0,5.4878E-01,1.8293E-03
2012-09-27 19:53:47.823,0,0.0,0.0,0,0.0,0.0,0,0.0,0.0,0,1.5244E-01,9.8348E-03,0,3.0488E-01,3.3875E-03,0,6.7073E-01,2.2358E-03
2012-09-27 19:54:20.593,0,0.0,0.0,0,0.0,0.0,0,9.1463E-02,1.9712E-02,0,1.8293E-01,1.1802E-02,0,3.9634E-01,4.4038E-03,0,4.8780E-01,1.6260E-03
2012-09-27 19:54:53.360,0,6.0976E-02,2.4197E-01,0,0.0,0.0,0,9.1463E-02,1.9712E-02,0,1.2195E-01,7.8678E-03,0,1.8293E-01,2.0325E-03,0,5.7927E-01,1.9309E-03
2012-09-27 19:55:26.127,0,6.0976E-02,2.4197E-01,0,3.0488E-02,9.3809E-02,0,1.2195E-01,2.6283E-02,0,2.1342E-01,1.3769E-02,0,5.4878E-01,6.0976E-03,0,4.5732E-01,1.5244E-03
2012-09-27 19:55:58.897,0,3.0488E-02,1.2098E-01,0,0.0,0.0,0,1.5244E-01,3.2853E-02,0,1.8293E-01,1.1802E-02,0,3.6585E-01,4.0650E-03,0,3.3537E-01,1.1179E-03
2012-09-27 19:56:31.663,0,0.0,0.0,0,0.0,0.0,0,6.0976E-02,1.3141E-02,0,3.0488E-01,1.9670E-02,0,2.4390E-01,2.7100E-03,0,4.5732E-01,1.5244E-03
2012-09-27 19:57:04.430,0,3.0488E-02,1.2098E-01,0,0.0,0.0,0,6.0976E-02,1.3141E-02,0,1.8293E-01,1.1802E-02,0,3.3537E-01,3.7263E-03,0,5.4878E-01,1.8293E-03
2012-09-27 19:57:37.197,0,3.0488E-02,1.2098E-01,0,0.0,0.0,0,6.0976E-02,1.3141E-02,0,1.5244E-01,9.8348E-03,0,4.2683E-01,4.7426E-03,0,4.8780E-01,1.6260E-03
2012-09-27 19:58:09.967,0,3.0488E-02,1.2098E-01,0,3.0488E-02,9.3809E-02,0,9.1463E-02,1.9712E-02,0,2.4390E-01,1.5736E-02,0,3.6585E-01,4.0650E-03,0,6.4024E-01,2.1342E-03
2012-09-27 19:58:42.733,0,6.0976E-02,2.4197E-01,0,6.0976E-02,1.8762E-01,0,3.0488E-02,6.5707E-03,0,1.8293E-01,1.1802E-02,0,2.1342E-01,2.3713E-03,0,6.4024E-01,2.1342E-03
2012-09-27 19:59:15.503,0,6.0976E-02,2.4197E-01,0,0.0,0.0,0,9.1463E-02,1.9712E-02,0,1.5244E-01,9.8348E-03,0,2.7439E-01,3.0488E-03,0,4.2683E-01,1.4228E-03
2012-09-27 19:59:48.270,0,3.0488E-02,1.2098E-01,0,0.0,0.0,0,9.1463E-02,1.9712E-02,0,3.0488E-01,1.9670E-02,0,3.3537E-01,3.7263E-03,0,6.0976E-01,2.0325E-03
2012-09-27 20:00:21.037,0,0.0,0.0,0,3.0488E-02,9.3809E-02,0,6.0976E-02,1.3141E-02,0,2.1342E-01,1.3769E-02,0,4.5732E-01,5.0813E-03,0,5.1829E-01,1.7276E-03
2012-09-27 20:00:53.807,0,0.0,0.0,0,0.0,0.0,0,3.0488E-02,6.5707E-03,0,6.0976E-02,3.9339E-03,0,1.5244E-01,1.6938E-03,0,5.4878E-01,1.8293E-03
2012-09-27 20:01:26.573,0,0.0,0.0,0,6.0976E-02,1.8762E-01,0,3.0488E-02,6.5707E-03,0,3.0488E-01,1.9670E-02,0,3.6585E-01,4.0650E-03,0,4.8780E-01,1.6260E-03
2012-09-27 20:01:59.340,0,0.0,0.0,0,0.0,0.0,0,1.2195E-01,2.6283E-02,0,1.8293E-01,1.1802E-02,0,3.6585E-01,4.0650E-03,0,5.1829E-01,1.7276E-03
2012-09-27 20:02:32.107,0,0.0,0.0,0,0.0,0.0,0,0.0,0.0,0,2.1342E-01,1.3769E-02,0,5.1829E-01,5.7588E-03,0,4.8780E-01,1.6260E-03
2012-09-27 20:03:04.877,0,3.0488E-02,1.2098E-01,0,0.0,0.0,0,9.1463E-02,1.9712E-02,0,9.1463E-02,5.9009E-03,0,2.4390E-01,2.7100E-03,0,6.7073E-01,2.2358E-03
2012-09-27 20:03:37.643,0,6.0976E-02,2.4197E-01,0,0.0,0.0,0,9.1463E-02,1.9712E-02,0,6.0976E-02,3.9339E-03,0,2.4390E-01,2.7100E-03,0,6.7073E-01,2.2358E-03
2012-09-27 20:04:10.413,0,0.0,0.0,0,0.0,0.0,0,6.0976E-02,1.3141E-02,0,1.2195E-01,7.8678E-03,0,3.6585E-01,4.0650E-03,0,4.2683E-01,1.4228E-03
2012-09-27 20:04:43.180,0,3.0488E-02,1.2098E-01,0,3.0488E-02,9.3809E-02,0,9.1463E-02,1.9712E-02,0,9.1463E-02,5.9009E-03,0,4.5732E-01,5.0813E-03,0,6.0976E-01,2.0325E-03
2012-09-27 20:05:15.947,0,3.0488E-02,1.2098E-01,0,3.0488E-02,9.3809E-02,0,0.0,0.0,0,2.7439E-01,1.7703E-02,0,3.3537E-01,3.7263E-03,0,6.0976E-01,2.0325E-03
2012-09-27 20:05:48.717,0,0.0,0.0,0,6.0976E-02,1.8762E-01,0,0.0,0.0,0,1.8293E-01,1.1802E-02,0,8.2317E-01,9.1463E-03,0,7.6220E-01,2.5407E-03
2012-09-27 20:06:21.483,0,0.0,0.0,0,3.0488E-02,9.3809E-02,0,1.2195E-01,2.6283E-02,0,1.8293E-01,1.1802E-02,0,3.0488E-01,3.3875E-03,0,5.4878E-01,1.8293E-03
2012-09-27 20:06:54.250,0,0.0,0.0,0,0.0,0.0,0,6.0976E-02,1.3141E-02,0,1.8293E-01,1.1802E-02,0,4.2683E-01,4.7426E-03,0,4.2683E-01,1.4228E-03
2012-09-27 20:07:27.017,0,9.1463E-02,3.6295E-01,0,3.0488E-02,9.3809E-02,0,6.0976E-02,1.3141E-02,0,1.8293E-01,1.1802E-02,0,3.0488E-01,3.3875E-03,0,8.2317E-01,2.7439E-03
2012-09-27 20:07:59.787,0,6.0976E-02,2.4197E-01,0,3.0488E-02,9.3809E-02,0,9.1463E-02,1.9712E-02,0,2.4390E-01,1.5736E-02,0,2.7439E-01,3.0488E-03,0,6.0976E-01,2.0325E-03
2012-09-27 20:08:32.553,0,3.0488E-02,1.2098E-01,0,0.0,0.0,0,9.1463E-02,1.9712E-02,0,3.0488E-01,1.9670E-02,0,4.2683E-01,4.7426E-03,0,6.7073E-01,2.2358E-03
2012-09-27 20:09:05.320,0,3.0488E-02,1.2098E-01,0,0.0,0.0,0,6.0976E-02,1.3141E-02,0,1.2195E-01,7.8678E-03,0,3.6585E-01,4.0650E-03,0,7.6220E-01,2.5407E-03
2012-09-27 20:09:38.090,0,0.0,0.0,0,0.0,0.0,0,3.0488E-01,6.5707E-02,0,9.1463E-02,5.9009E-03,0,2.7439E-01,3.0488E-03,0,5.7927E-01,1.9309E-03
2012-09-27 20:10:10.857,0,6.0976E-02,2.4197E-01,0,0.0,0.0,0,6.0976E-02,1.3141E-02,0,1.8293E-01,1.1802E-02,0,5.1829E-01,5.7588E-03,0,5.1829E-01,1.7276E-03
2012-09-27 20:10:43.627,0,0.0,0.0,0,0.0,0.0,0,9.1463E-02,1.9712E-02,0,2.4390E-01,1.5736E-02,0,3.3537E-01,3.7263E-03,0,3.9634E-01,1.3211E-03
2012-09-27 20:11:16.393,0,3.0488E-02,1.2098E-01,0,0.0,0.0,0,1.2195E-01,2.6283E-02,0,1.8293E-01,1.1802E-02,0,3.3537E-01,3.7263E-03,0,8.8415E-01,2.9471E-03
2012-09-27 20:11:49.160,0,0.0,0.0,0,0.0,0.0,0,0.0,0.0,0,2.1342E-01,1.3769E-02,0,4.5732E-01,5.0813E-03,0,4.5732E-01,1.5244E-03
2012-09-27 20:12:21.927,0,0.0,0.0,0,0.0,0.0,0,6.0976E-02,1.3141E-02,0,1.5244E-01,9.8348E-03,0,2.4390E-01,2.7100E-03,0,4.2683E-01,1.4228E-03
2012-09-27 20:12:54.697,0,3.0488E-02,1.2098E-01,0,0.0,0.0,0,2.4390E-01,5.2565E-02,0,2.1342E-01,1.3769E-02,0,4.2683E-01,4.7426E-03,0,4.2683E-01,1.4228E-03
2012-09-27 20:13:27.463,0,3.0488E-02,1.2098E-01,0,0.0,0.0,0,6.0976E-02,1.3141E-02,0,1.5244E-01,9.8348E-03,0,5.4878E-01,6.0976E-03,0,4.2683E-01,1.4228E-03
2012-09-27 20:14:00.230,0,3.0488E-02,1.2098E-01,0,6.0976E-02,1.8762E-01,0,6.0976E-02,1.3141E-02,0,2.1342E-01,1.3769E-02,0,4.8780E-01,5.4200E-03,0,7.0122E-01,2.3374E-03
2012-09-27 20:14:33.000,0,3.0488E-02,1.2098E-01,0,3.0488E-02,9.3809E-02,0,2.1342E-01,4.5994E-02,0,2.1342E-01,1.3769E-02,0,3.3537E-01,3.7263E-03,0,5.1829E-01,1.7276E-03
2012-09-27 20:15:05.767,0,0.0,0.0,0,3.0488E-02,9.3809E-02,0,6.0976E-02,1.3141E-02,0,2.1342E-01,1.3769E-02,0,4.8780E-01,5.4200E-03,0,3.6585E-01,1.2195E-03
2012-09-27 20:15:38.533,0,0.0,0.0,0,0.0,0.0,0,0.0,0.0,0,3.6585E-01,2.3604E-02,0,3.0488E-01,3.3875E-03,0,7.0122E-01,2.3374E-03
2012-09-27 20:16:11.303,0,6.0976E-02,2.4197E-01,0,0.0,0.0,0,9.1463E-02,1.9712E-02,0,9.1463E-02,5.9009E-03,0,5.1829E-01,5.7588E-03,0,7.9268E-01,2.6423E-03
2012-09-27 20:16:44.070,0,3.0488E-02,1.2098E-01,0,3.0488E-02,9.3809E-02,0,1.2195E-01,2.6283E-02,0,2.1342E-01,1.3769E-02,0,4.5732E-01,5.0813E-03,0,6.0976E-01,2.0325E-03
2012-09-27 20:17:16.837,0,0.0,0.0,0,0.0,0.0,0,3.0488E-02,6.5707E-03,0,2.1342E-01,1.3769E-02,0,3.9634E-01,4.4038E-03,0,5.1829E-01,1.7276E-03
2012-09-27 20:17:49.607,0,0.0,0.0,0,6.0976E-02,1.8762E-01,0,3.0488E-02,6.5707E-03,0,6.0976E-02,3.9339E-03,0,4.5732E-01,5.0813E-03,0,5.7927E-01,1.9309E-03
2012-09-27 20:18:22.373,0,0.0,0.0,0,6.0976E-02,1.8762E-01,0,9.1463E-02,1.9712E-02,0,3.0488E-01,1.9670E-02,0,3.9634E-01,4.4038E-03,0,6.4024E-01,2.1342E-03
2012-09-27 20:18:55.140,0,6.0976E-02,2.4197E-01,0,0.0,0.0,0,6.0976E-02,1.3141E-02,0,3.3537E-01,2.1636E-02,0,4.2683E-01,4.7426E-03,0,3.9634E-01,1.3211E-03
2012-09-27 20:19:27.910,0,3.0488E-02,1.2098E-01,0,3.0488E-02,9.3809E-02,0,9.1463E-02,1.9712E-02,0,2.7439E-01,1.7703E-02,0,3.0488E-01,3.3875E-03,0,4.5732E-01,1.5244E-03
2012-09-27 20:20:00.677,0,0.0,0.0,0,0.0,0.0,0,6.0976E-02,1.3141E-02,0,9.1463E-02,5.9009E-03,0,5.4878E-01,6.0976E-03,0,5.4878E-01,1.8293E-03
2012-09-27 20:20:33.443,0,0.0,0.0,0,0.0,0.0,0,0.0,0.0,0,1.5244E-01,9.8348E-03,0,3.9634E-01,4.4038E-03,0,5.7927E-01,1.9309E-03
2012-09-27 20:21:06.213,0,0.0,0.0,0,6.0976E-02,1.8762E-01,0,1.8293E-01,3.9424E-02,0,2.7439E-01,1.7703E-02,0,3.0488E-01,3.3875E-03,0,8.2317E-01,2.7439E-03
2012-09-27 20:21:38.980,0,6.0976E-02,2.4197E-01,0,0.0,0.0,0,9.1463E-02,1.9712E-02,0,2.1342E-01,1.3769E-02,0,3.9634E-01,4.4038E-03,0,7.6220E-01,2.5407E-03
2012-09-27 20:22:11.747,0,3.0488E-02,1.2098E-01,0,0.0,0.0,0,1.2195E-01,2.6283E-02,0,1.2195E-01,7.8678E-03,0,3.6585E-01,4.0650E-03,0,5.1829E-01,1.7276E-03
2012-09-27 20:22:44.517,0,0.0,0.0,0,3.0488E-02,9.3809E-02,0,6.0976E-02,1.3141E-02,0,1.8293E-01,1.1802E-02,0,2.4390E-01,2.7100E-03,0,5.1829E-01,1.7276E-03
2012-09-27 20:23:17.283,0,0.0,0.0,0,3.0488E-02,9.3809E-02,0,9.1463E-02,1.9712E-02,0,1.8293E-01,1.1802E-02,0,3.6585E-01,4.0650E-03,0,4.8780E-01,1.6260E-03
2012-09-27 20:23:50.050,0,6.0976E-02,2.4197E-01,0,6.0976E-02,1.8762E-01,0,9.1463E-02,1.9712E-02,0,2.4390E-01,1.5736E-02,0,3.3537E-01,3.7263E-03,0,5.7927E-01,1.9309E-03
2012-09-27 20:24:22.817,0,0.0,0.0,0,0.0,0.0,0,3.0488E-02,6.5707E-03,0,1.8293E-01,1.1802E-02,0,1.8293E-01,2.0325E-03,0,5.7927E-01,1.9309E-03
2012-09-27 20:24:55.587,0,6.0976E-02,2.4197E-01,0,0.0,0.0,0,9.1463E-02,1.9712E-02,0,1.5244E-01,9.8348E-03,0,6.4024E-01,7.1138E-03,0,5.7927E-01,1.9309E-03
2012-09-27 20:25:28.353,0,0.0,0.0,0,6.0976E-02,1.8762E-01,0,9.1463E-02,1.9712E-02,0,1.2195E-01,7.8678E-03,0,3.6585E-01,4.0650E-03,0,5.1829E-01,1.7276E-03
2012-09-27 20:26:01.123,0,0.0,0.0,0,3.0488E-02,9.3809E-02,0,6.0976E-02,1.3141E-02,0,2.7439E-01,1.7703E-02,0,3.3537E-01,3.7263E-03,0,4.8780E-01,1.6260E-03
2012-09-27 20:26:33.890,0,0.0,0.0,0,0.0,0.0,0,1.5244E-01,3.2853E-02,0,1.2195E-01,7.8678E-03,0,7.0122E-01,7.7913E-03,0,5.7927E-01,1.9309E-03
2012-09-27 20:27:06.657,0,3.0488E-02,1.2098E-01,0,0.0,0.0,0,6.0976E-02,1.3141E-02,0,2.1342E-01,1.3769E-02,0,3.0488E-01,3.3875E-03,0,7.9268E-01,2.6423E-03
2012-09-27 20:27:39.427,0,0.0,0.0,0,0.0,0.0,0,6.0976E-02,1.3141E-02,0,2.7439E-01,1.7703E-02,0,3.3537E-01,3.7263E-03,0,4.5732E-01,1.5244E-03
2012-09-27 20:28:12.193,0,0.0,0.0,0,0.0,0.0,0,2.1342E-01,4.5994E-02,0,1.5244E-01,9.8348E-03,0,4.2683E-01,4.7426E-03,0,6.7073E-01,2.2358E-03
2012-09-27 20:28:44.960,0,0.0,0.0,0,0.0,0.0,0,9.1463E-02,1.9712E-02,0,1.2195E-01,7.8678E-03,0,3.0488E-01,3.3875E-03,0,5.4878E-01,1.8293E-03
2012-09-27 20:29:17.727,0,0.0,0.0,0,0.0,0.0,0,6.0976E-02,1.3141E-02,0,2.4390E-01,1.5736E-02,0,4.2683E-01,4.7426E-03,0,7.6220E-01,2.5407E-03
2012-09-27 20:29:50.497,0,3.0488E-02,1.2098E-01,0,0.0,0.0,0,9.1463E-02,1.9712E-02,0,1.8293E-01,1.1802E-02,0,3.0488E-01,3.3875E-03,0,7.0122E-01,2.3374E-03
2012-09-27 20:30:23.263,0,0.0,0.0,0,3.0488E-02,9.3809E-02,0,3.0488E-02,6.5707E-03,0,2.1342E-01,1.3769E-02,0,2.1342E-01,2.3713E-03,0,8.5366E-01,2.8455E-03
2012-09-27 20:30:56.030,0,3.0488E-02,1.2098E-01,0,3.0488E-02,9.3809E-02,0,3.0488E-02,6.5707E-03,0,2.1342E-01,1.3769E-02,0,4.8780E-01,5.4200E-03,0,3.9634E-01,1.3211E-03
2012-09-27 20:31:28.800,0,0.0,0.0,0,0.0,0.0,0,3.0488E-02,6.5707E-03,0,2.7439E-01,1.7703E-02,0,2.4390E-01,2.7100E-03,0,3.9634E-01,1.3211E-03
2012-09-27 20:32:01.567,0,3.0488E-02,1.2098E-01,0,0.0,0.0,0,9.1463E-02,1.9712E-02,0,1.2195E-01,7.8678E-03,0,2.4390E-01,2.7100E-03,0,7.3171E-01,2.4390E-03
2012-09-27 20:32:34.337,0,3.0488E-02,1.2098E-01,0,0.0,0.0,0,3.0488E-02,6.5707E-03,0,1.5244E-01,9.8348E-03,0,4.2683E-01,4.7426E-03,0,4.2683E-01,1.4228E-03
2012-09-27 20:33:07.103,0,3.0488E-02,1.2098E-01,0,3.0488E-02,9.3809E-02,0,6.0976E-02,1.3141E-02,0,1.2195E-01,7.8678E-03,0,3.0488E-01,3.3875E-03,0,4.5732E-01,1.5244E-03
2012-09-27 20:33:39.870,0,0.0,0.0,0,3.0488E-02,9.3809E-02,0,3.0488E-02,6.5707E-03,0,9.1463E-02,5.9009E-03,0,3.9634E-01,4.4038E-03,0,5.7927E-01,1.9309E-03
2012-09-27 20:34:12.637,0,3.0488E-02,1.2098E-01,0,0.0,0.0,0,9.1463E-02,1.9712E-02,0,1.5244E-01,9.8348E-03,0,3.9634E-01,4.4038E-03,0,5.7927E-01,1.9309E-03
2012-09-27 20:34:45.407,0,3.0488E-02,1.2098E-01,0,0.0,0.0,0,6.0976E-02,1.3141E-02,0,1.2195E-01,7.8678E-03,0,3.6585E-01,4.0650E-03,0,6.7073E-01,2.2358E-03
2012-09-27 20:35:18.173,0,6.0976E-02,2.4197E-01,0,3.0488E-02,9.3809E-02,0,3.0488E-02,6.5707E-03,0,6.0976E-02,3.9339E-03,0,3.3537E-01,3.7263E-03,0,4.2683E-01,1.4228E-03
2012-09-27 20:35:50.940,0,3.0488E-02,1.2098E-01,0,3.0488E-02,9.3809E-02,0,1.2195E-01,2.6283E-02,0,3.0488E-01,1.9670E-02,0,3.9634E-01,4.4038E-03,0,6.0976E-01,2.0325E-03
2012-09-27 20:36:23.710,0,0.0,0.0,0,0.0,0.0,0,3.0488E-02,6.5707E-03,0,1.2195E-01,7.8678E-03,0,2.4390E-01,2.7100E-03,0,4.8780E-01,1.6260E-03
2012-09-27 20:36:56.477,0,3.0488E-02,1.2098E-01,0,0.0,0.0,0,1.2195E-01,2.6283E-02,0,2.1342E-01,1.3769E-02,0,3.9634E-01,4.4038E-03,0,4.5732E-01,1.5244E-03
2012-09-27 20:37:29.243,0,0.0,0.0,0,0.0,0.0,0,9.1463E-02,1.9712E-02,0,9.1463E-02,5.9009E-03,0,4.5732E-01,5.0813E-03,0,5.4878E-01,1.8293E-03
2012-09-27 20:38:02.013,0,3.0488E-02,1.2098E-01,0,3.0488E-02,9.3809E-02,0,3.0488E-02,6.5707E-03,0,1.2195E-01,7.8678E-03,0,3.3537E-01,3.7263E-03,0,4.2683E-01,1.4228E-03
2012-09-27 20:38:34.780,0,3.0488E-02,1.2098E-01,0,3.0488E-02,9.3809E-02,0,1.8293E-01,3.9424E-02,0,1.2195E-01,7.8678E-03,0,2.4390E-01,2.7100E-03,0,5.7927E-01,1.9309E-03
2012-09-27 20:39:07.547,0,0.0,0.0,0,0.0,0.0,0,1.5244E-01,3.2853E-02,0,1.8293E-01,1.1802E-02,0,3.0488E-01,3.3875E-03,0,3.9634E-01,1.3211E-03
2012-09-27 20:39:40.317,0,0.0,0.0,0,0.0,0.0,0,3.0488E-02,6.5707E-03,0,1.2195E-01,7.8678E-03,0,2.7439E-01,3.0488E-03,0,3.6585E-01,1.2195E-03
2012-09-27 20:40:13.083,0,0.0,0.0,0,0.0,0.0,0,9.1463E-02,1.9712E-02,0,9.1463E-02,5.9009E-03,0,4.5732E-01,5.0813E-03,0,7.0122E-01,2.3374E-03
2012-09-27 20:40:45.850,0,3.0488E-02,1.2098E-01,0,6.0976E-02,1.8762E-01,0,6.0976E-02,1.3141E-02,0,1.8293E-01,1.1802E-02,0,3.6585E-01,4.0650E-03,0,7.0122E-01,2.3374E-03
2012-09-27 20:41:18.620,0,0.0,0.0,0,0.0,0.0,0,1.5244E-01,3.2853E-02,0,1.5244E-01,9.8348E-03,0,2.7439E-01,3.0488E-03,0,6.0976E-01,2.0325E-03
2012-09-27 20:41:51.387,0,3.0488E-02,1.2098E-01,0,0.0,0.0,0,1.2195E-01,2.6283E-02,0,2.7439E-01,1.7703E-02,0,4.2683E-01,4.7426E-03,0,8.5366E-01,2.8455E-03
2012-09-27 20:42:24.153,0,3.0488E-02,1.2098E-01,0,3.0488E-02,9.3809E-02,0,3.0488E-02,6.5707E-03,0,2.7439E-01,1.7703E-02,0,2.7439E-01,3.0488E-03,0,4.5732E-01,1.5244E-03
2012-09-27 20:42:56.923,0,0.0,0.0,0,3.0488E-02,9.3809E-02,0,1.8293E-01,3.9424E-02,0,3.3537E-01,2.1636E-02,0,3.3537E-01,3.7263E-03,0,3.0488E-01,1.0163E-03
2012-09-27 20:43:29.690,0,0.0,0.0,0,3.0488E-02,9.3809E-02,0,6.0976E-02,1.3141E-02,0,2.1342E-01,1.3769E-02,0,2.1342E-01,2.3713E-03,0,4.5732E-01,1.5244E-03
2012-09-27 20:44:02.457,0,0.0,0.0,0,0.0,0.0,0,0.0,0.0,0,2.4390E-01,1.5736E-02,0,3.3537E-01,3.7263E-03,0,6.0976E-01,2.0325E-03
2012-09-27 20:44:35.227,0,3.0488E-02,1.2098E-01,0,0.0,0.0,0,9.1463E-02,1.9712E-02,0,2.1342E-01,1.3769E-02,0,2.4390E-01,2.7100E-03,0,5.1829E-01,1.7276E-03
2012-09-27 20:45:07.993,0,0.0,0.0,0,6.0976E-02,1.8762E-01,0,3.0488E-02,6.5707E-03,0,3.9634E-01,2.5570E-02,0,3.6585E-01,4.0650E-03,0,5.7927E-01,1.9309E-03
2012-09-27 20:45:40.760,0,0.0,0.0,0,0.0,0.0,0,3.0488E-02,6.5707E-03,0,9.1463E-02,5.9009E-03,0,3.6585E-01,4.0650E-03,0,4.2683E-01,1.4228E-03
2012-09-27 20:46:13.527,0,3.0488E-02,1.2098E-01,0,0.0,0.0,0,1.5244E-01,3.2853E-02,0,1.5244E-01,9.8348E-03,0,3.6585E-01,4.0650E-03,0,7.3171E-01,2.4390E-03
2012-09-27 20:46:46.297,0,0.0,0.0,0,0.0,0.0,0,1.5244E-01,3.2853E-02,0,2.7439E-01,1.7703E-02,0,4.2683E-01,4.7426E-03,0,2.7439E-01,9.1463E-04
2012-09-27 20:47:19.063,0,3.0488E-02,1.2098E-01,0,3.0488E-02,9.3809E-02,0,2.1342E-01,4.5994E-02,0,9.1463E-02,5.9009E-03,0,3.0488E-01,3.3875E-03,0,5.7927E-01,1.9309E-03
2012-09-27 20:47:51.833,0,0.0,0.0,0,3.0488E-02,9.3809E-02,0,6.0976E-02,1.3141E-02,0,1.8293E-01,1.1802E-02,0,3.0488E-01,3.3875E-03,0,6.0976E-01,2.0325E-03
2012-09-27 20:48:24.600,0,0.0,0.0,0,3.0488E-02,9.3809E-02,0,9.1463E-02,1.9712E-02,0,3.0488E-01,1.9670E-02,0,3.0488E-01,3.3875E-03,0,3.6585E-01,1.2195E-03
2012-09-27 20:48:57.367,0,0.0,0.0,0,0.0,0.0,0,1.2195E-01,2.6283E-02,0,1.5244E-01,9.8348E-03,0,2.1342E-01,2.3713E-03,0,5.1829E-01,1.7276E-03
2012-09-27 20:49:30.137,0,3.0488E-02,1.2098E-01,0,3.0488E-02,9.3809E-02,0,1.2195E-01,2.6283E-02,0,1.8293E-01,1.1802E-02,0,5.4878E-01,6.0976E-03,0,7.0122E-01,2.3374E-03
2012-09-27 20:50:02.903,0,0.0,0.0,0,0.0,0.0,0,1.2195E-01,2.6283E-02,0,2.7439E-01,1.7703E-02,0,3.0488E-01,3.3875E-03,0,5.4878E-01,1.8293E-03
2012-09-27 20:50:35.670,0,6.0976E-02,2.4197E-01,0,0.0,0.0,0,9.1463E-02,1.9712E-02,0,2.1342E-01,1.3769E-02,0,2.7439E-01,3.0488E-03,0,5.4878E-01,1.8293E-03
2012-09-27 20:51:08.437,0,3.0488E-02,1.2098E-01,0,0.0,0.0,0,3.0488E-02,6.5707E-03,0,2.1342E-01,1.3769E-02,0,4.5732E-01,5.0813E-03,0,7.3171E-01,2.4390E-03
2012-09-27 20:51:41.207,0,3.0488E-02,1.2098E-01,0,0.0,0.0,0,6.0976E-02,1.3141E-02,0,2.4390E-01,1.5736E-02,0,3.0488E-01,3.3875E-03,0,6.4024E-01,2.1342E-03
2012-09-27 20:52:13.973,0,3.0488E-02,1.2098E-01,0,0.0,0.0,0,6.0976E-02,1.3141E-02,0,3.3537E-01,2.1636E-02,0,3.3537E-01,3.7263E-03,0,7.0122E-01,2.3374E-03
2012-09-27 20:52:46.740,0,3.0488E-02,1.2098E-01,0,6.0976E-02,1.8762E-01,0,1.8293E-01,3.9424E-02,0,2.1342E-01,1.3769E-02,0,4.8780E-01,5.4200E-03,0,7.0122E-01,2.3374E-03
2012-09-27 20:53:19.510,0,0.0,0.0,0,0.0,0.0,0,6.0976E-02,1.3141E-02,0,3.0488E-01,1.9670E-02,0,3.0488E-01,3.3875E-03,0,5.1829E-01,1.7276E-03
2012-09-27 20:53:52.277,0,6.0976E-02,2.4197E-01,0,0.0,0.0,0,6.0976E-02,1.3141E-02,0,1.5244E-01,9.8348E-03,0,3.9634E-01,4.4038E-03,0,6.7073E-01,2.2358E-03
2012-09-27 20:54:25.047,0,6.0976E-02,2.4197E-01,0,3.0488E-02,9.3809E-02,0,0.0,0.0,0,2.4390E-01,1.5736E-02,0,3.0488E-01,3.3875E-03,0,5.4878E-01,1.8293E-03
2012-09-27 20:54:57.813,0,0.0,0.0,0,3.0488E-02,9.3809E-02,0,9.1463E-02,1.9712E-02,0,2.7439E-01,1.7703E-02,0,3.9634E-01,4.4038E-03,0,6.4024E-01,2.1342E-03
2012-09-27 20:55:30.580,0,6.0976E-02,2.4197E-01,0,0.0,0.0,0,0.0,0.0,0,9.1463E-02,5.9009E-03,0,3.3537E-01,3.7263E-03,0,5.1829E-01,1.7276E-03
2012-09-27 20:56:03.347,0,0.0,0.0,0,3.0488E-02,9.3809E-02,0,6.0976E-02,1.3141E-02,0,2.1342E-01,1.3769E-02,0,2.7439E-01,3.0488E-03,0,4.5732E-01,1.5244E-03
2012-09-27 20:56:36.117,0,0.0,0.0,0,3.0488E-02,9.3809E-02,0,3.0488E-02,6.5707E-03,0,2.4390E-01,1.5736E-02,0,2.7439E-01,3.0488E-03,0,6.7073E-01,2.2358E-03
2012-09-27 20:57:08.883,0,3.0488E-02,1.2098E-01,0,0.0,0.0,0,1.5244E-01,3.2853E-02,0,3.0488E-01,1.9670E-02,0,4.8780E-01,5.4200E-03,0,5.7927E-01,1.9309E-03
2012-09-27 20:57:41.650,0,0.0,0.0,0,0.0,0.0,0,6.0976E-02,1.3141E-02,0,1.5244E-01,9.8348E-03,0,2.7439E-01,3.0488E-03,0,5.7927E-01,1.9309E-03
2012-09-27 20:58:14.420,0,6.0976E-02,2.4197E-01,0,3.0488E-02,9.3809E-02,0,6.0976E-02,1.3141E-02,0,1.2195E-01,7.8678E-03,0,3.0488E-01,3.3875E-03,0,5.1829E-01,1.7276E-03
2012-09-27 20:58:47.187,0,0.0,0.0,0,3.0488E-02,9.3809E-02,0,9.1463E-02,1.9712E-02,0,1.8293E-01,1.1802E-02,0,6.4024E-01,7.1138E-03,0,5.4878E-01,1.8293E-03
2012-09-27 20:59:19.953,0,0.0,0.0,0,0.0,0.0,0,3.0488E-02,6.5707E-03,0,1.8293E-01,1.1802E-02,0,2.7439E-01,3.0488E-03,0,7.3171E-01,2.4390E-03
2012-09-27 20:59:52.723,0,3.0488E-02,1.2098E-01,0,3.0488E-02,9.3809E-02,0,6.0976E-02,1.3141E-02,0,1.2195E-01,7.8678E-03,0,2.1342E-01,2.3713E-03,0,6.0976E-01,2.0325E-03
2012-09-27 21:00:25.490,0,3.0488E-02,1.2098E-01,0,0.0,0.0,0,1.8293E-01,3.9424E-02,0,1.8293E-01,1.1802E-02,0,4.2683E-01,4.7426E-03,0,4.8780E-01,1.6260E-03
2012-09-27 21:00:58.257,0,6.0976E-02,2.4197E-01,0,3.0488E-02,9.3809E-02,0,9.1463E-02,1.9712E-02,0,1.5244E-01,9.8348E-03,0,3.3537E-01,3.7263E-03,0,4.2683E-01,1.4228E-03
2012-09-27 21:01:31.027,0,0.0,0.0,0,0.0,0.0,0,1.5244E-01,3.2853E-02,0,1.5244E-01,9.8348E-03,0,5.4878E-01,6.0976E-03,0,5.7927E-01,1.9309E-03
2012-09-27 21:02:03.793,0,0.0,0.0,0,9.1463E-02,2.8143E-01,0,9.1463E-02,1.9712E-02,0,1.8293E-01,1.1802E-02,0,4.8780E-01,5.4200E-03,0,6.4024E-01,2.1342E-03
2012-09-27 21:02:36.560,0,6.0976E-02,2.4197E-01,0,0.0,0.0,0,6.0976E-02,1.3141E-02,0,1.2195E-01,7.8678E-03,0,5.7927E-01,6.4363E-03,0,3.6585E-01,1.2195E-03
2012-09-27 21:03:09.330,0,0.0,0.0,0,0.0,0.0,0,1.2195E-01,2.6283E-02,0,2.4390E-01,1.5736E-02,0,3.9634E-01,4.4038E-03,0,6.0976E-01,2.0325E-03
2012-09-27 21:03:42.097,0,0.0,0.0,0,0.0,0.0,0,1.2195E-01,2.6283E-02,0,2.4390E-01,1.5736E-02,0,4.2683E-01,4.7426E-03,0,3.9634E-01,1.3211E-03
2012-09-27 21:04:14.863,0,0.0,0.0,0,0.0,0.0,0,0.0,0.0,0,2.7439E-01,1.7703E-02,0,3.3537E-01,3.7263E-03,0,6.7073E-01,2.2358E-03
2012-09-27 21:04:47.633,0,0.0,0.0,0,0.0,0.0,0,6.0976E-02,1.3141E-02,0,2.1342E-01,1.3769E-02,0,4.8780E-01,5.4200E-03,0,6.7073E-01,2.2358E-03
2012-09-27 21:05:20.400,0,0.0,0.0,0,0.0,0.0,0,1.2195E-01,2.6283E-02,0,1.5244E-01,9.8348E-03,0,4.8780E-01,5.4200E-03,0,6.7073E-01,2.2358E-03
2012-09-27 21:05:53.167,0,3.0488E-02,1.2098E-01,0,0.0,0.0,0,0.0,0.0,0,1.8293E-01,1.1802E-02,0,5.4878E-01,6.0976E-03,0,5.4878E-01,1.8293E-03
2012-09-27 21:06:25.937,0,9.1463E-02,3.6295E-01,0,0.0,0.0,0,0.0,0.0,0,1.5244E-01,9.8348E-03,0,3.0488E-01,3.3875E-03,0,6.0976E-01,2.0325E-03
2012-09-27 21:06:58.703,0,0.0,0.0,0,0.0,0.0,0,6.0976E-02,1.3141E-02,0,2.7439E-01,1.7703E-02,0,3.6585E-01,4.0650E-03,0,6.0976E-01,2.0325E-03
2012-09-27 21:07:31.470,0,0.0,0.0,0,0.0,0.0,0,9.1463E-02,1.9712E-02,0,2.1342E-01,1.3769E-02,0,4.8780E-01,5.4200E-03,0,7.0122E-01,2.3374E-03
2012-09-27 21:08:04.237,0,0.0,0.0,0,0.0,0.0,0,1.2195E-01,2.6283E-02,0,3.9634E-01,2.5570E-02,0,3.9634E-01,4.4038E-03,0,4.2683E-01,1.4228E-03
2012-09-27 21:08:37.007,0,3.0488E-02,1.2098E-01,0,0.0,0.0,0,3.0488E-02,6.5707E-03,0,2.1342E-01,1.3769E-02,0,5.4878E-01,6.0976E-03,0,5.4878E-01,1.8293E-03
2012-09-27 21:09:09.773,0,0.0,0.0,0,0.0,0.0,0,6.0976E-02,1.3141E-02,0,2.1342E-01,1.3769E-02,0,3.3537E-01,3.7263E-03,0,5.4878E-01,1.8293E-03
2012-09-27 21:09:42.543,0,0.0,0.0,0,0.0,0.0,0,6.0976E-02,1.3141E-02,0,1.5244E-01,9.8348E-03,0,2.7439E-01,3.0488E-03,0,6.0976E-01,2.0325E-03
2012-09-27 21:10:15.310,0,0.0,0.0,0,0.0,0.0,0,1.2195E-01,2.6283E-02,0,9.1463E-02,5.9009E-03,0,5.4878E-01,6.0976E-03,0,7.6220E-01,2.5407E-03
2012-09-27 21:10:48.077,0,3.0488E-02,1.2098E-01,0,3.0488E-02,9.3809E-02,0,6.0976E-02,1.3141E-02,0,1.8293E-01,1.1802E-02,0,3.6585E-01,4.0650E-03,0,6.0976E-01,2.0325E-03
2012-09-27 21:11:20.847,0,9.1463E-02,3.6295E-01,0,6.0976E-02,1.8762E-01,0,3.0488E-02,6.5707E-03,0,1.2195E-01,7.8678E-03,0,3.9634E-01,4.4038E-03,0,6.7073E-01,2.2358E-03
2012-09-27 21:11:53.613,0,0.0,0.0,0,3.0488E-02,9.3809E-02,0,6.0976E-02,1.3141E-02,0,2.7439E-01,1.7703E-02,0,3.6585E-01,4.0650E-03,0,5.7927E-01,1.9309E-03
2012-09-27 21:12:26.380,0,0.0,0.0,0,0.0,0.0,0,1.2195E-01,2.6283E-02,0,3.0488E-01,1.9670E-02,0,3.0488E-01,3.3875E-03,0,6.4024E-01,2.1342E-03
2012-09-27 21:12:59.147,0,0.0,0.0,0,0.0,0.0,0,6.0976E-02,1.3141E-02,0,3.3537E-01,2.1636E-02,0,4.2683E-01,4.7426E-03,0,6.4024E-01,2.1342E-03
2012-09-27 21:13:31.917,0,3.0488E-02,1.2098E-01,0,0.0,0.0,0,9.1463E-02,1.9712E-02,0,1.2195E-01,7.8678E-03,0,3.3537E-01,3.7263E-03,0,6.0976E-01,2.0325E-03
2012-09-27 21:14:04.683,0,6.0976E-02,2.4197E-01,0,0.0,0.0,0,1.2195E-01,2.6283E-02,0,9.1463E-02,5.9009E-03,0,3.6585E-01,4.0650E-03,0,6.7073E-01,2.2358E-03
2012-09-27 21:14:37.450,0,3.0488E-02,1.2098E-01,0,0.0,0.0,0,9.1463E-02,1.9712E-02,0,3.0488E-01,1.9670E-02,0,2.7439E-01,3.0488E-03,0,3.3537E-01,1.1179E-03
2012-09-27 21:15:10.220,0,6.0976E-02,2.4197E-01,0,3.0488E-02,9.3809E-02,0,9.1463E-02,1.9712E-02,0,3.3537E-01,2.1636E-02,0,3.6585E-01,4.0650E-03,0,6.0976E-01,2.0325E-03
2012-09-27 21:15:42.987,0,0.0,0.0,0,0.0,0.0,0,9.1463E-02,1.9712E-02,0,1.2195E-01,7.8678E-03,0,3.6585E-01,4.0650E-03,0,7.0122E-01,2.3374E-03
2012-09-27 21:16:15.757,0,0.0,0.0,0,0.0,0.0,0,3.0488E-02,6.5707E-03,0,9.1463E-02,5.9009E-03,0,4.5732E-01,5.0813E-03,0,7.6220E-01,2.5407E-03
2012-09-27 21:16:48.523,0,0.0,0.0,0,3.0488E-02,9.3809E-02,0,9.1463E-02,1.9712E-02,0,2.4390E-01,1.5736E-02,0,4.2683E-01,4.7426E-03,0,4.5732E-01,1.5244E-03
2012-09-27 21:17:21.290,0,3.0488E-02,1.2098E-01,0,3.0488E-02,9.3809E-02,0,1.5244E-01,3.2853E-02,0,2.1342E-01,1.3769E-02,0,4.2683E-01,4.7426E-03,0,6.7073E-01,2.2358E-03
2012-09-27 21:17:54.057,0,3.0488E-02,1.2098E-01,0,3.0488E-02,9.3809E-02,0,6.0976E-02,1.3141E-02,0,1.2195E-01,7.8678E-03,0,3.9634E-01,4.4038E-03,0,4.8780E-01,1.6260E-03
2012-09-27 21:18:26.827,0,3.0488E-02,1.2098E-01,0,0.0,0.0,0,1.2195E-01,2.6283E-02,0,2.1342E-01,1.3769E-02,0,2.4390E-01,2.7100E-03,0,8.2317E-01,2.7439E-03
2012-09-27 21:18:59.593,0,0.0,0.0,0,3.0488E-02,9.3809E-02,0,1.2195E-01,2.6283E-02,0,3.0488E-01,1.9670E-02,0,3.9634E-01,4.4038E-03,0,7.0122E-01,2.3374E-03
2012-09-27 21:19:32.360,0,0.0,0.0,0,0.0,0.0,0,3.0488E-02,6.5707E-03,0,1.8293E-01,1.1802E-02,0,5.4878E-01,6.0976E-03,0,6.7073E-01,2.2358E-03
2012-09-27 21:20:05.130,0,6.0976E-02,2.4197E-01,0,0.0,0.0,0,1.8293E-01,3.9424E-02,0,1.2195E-01,7.8678E-03,0,4.5732E-01,5.0813E-03,0,5.4878E-01,1.8293E-03
2012-09-27 21:20:37.897,0,3.0488E-02,1.2098E-01,0,0.0,0.0,0,1.2195E-01,2.6283E-02,0,2.1342E-01,1.3769E-02,0,3.6585E-01,4.0650E-03,0,8.2317E-01,2.7439E-03
2012-09-27 21:21:10.663,0,6.0976E-02,2.4197E-01,0,3.0488E-02,9.3809E-02,0,9.1463E-02,1.9712E-02,0,3.3537E-01,2.1636E-02,0,4.2683E-01,4.7426E-03,0,7.3171E-01,2.4390E-03
2012-09-27 21:21:43.433,0,3.0488E-02,1.2098E-01,0,3.0488E-02,9.3809E-02,0,9.1463E-02,1.9712E-02,0,2.4390E-01,1.5736E-02,0,6.7073E-01,7.4526E-03,0,5.4878E-01,1.8293E-03
2012-09-27 21:22:16.200,0,3.0488E-02,1.2098E-01,0,0.0,0.0,0,9.1463E-02,1.9712E-02,0,2.1342E-01,1.3769E-02,0,2.4390E-01,2.7100E-03,0,4.2683E-01,1.4228E-03
2012-09-27 21:22:48.967,0,6.0976E-02,2.4197E-01,0,0.0,0.0,0,9.1463E-02,1.9712E-02,0,1.2195E-01,7.8678E-03,0,4.2683E-01,4.7426E-03,0,5.1829E-01,1.7276E-03
2012-09-27 21:23:21.737,0,3.0488E-02,1.2098E-01,0,0.0,0.0,0,3.0488E-02,6.5707E-03,0,1.8293E-01,1.1802E-02,0,4.2683E-01,4.7426E-03,0,6.0976E-01,2.0325E-03
2012-09-27 21:23:54.503,0,3.0488E-02,1.2098E-01,0,0.0,0.0,0,9.1463E-02,1.9712E-02,0,1.5244E-01,9.8348E-03,0,2.1342E-01,2.3713E-03,0,5.4878E-01,1.8293E-03
2012-09-27 21:24:27.270,0,3.0488E-02,1.2098E-01,0,0.0,0.0,0,9.1463E-02,1.9712E-02,0,2.1342E-01,1.3769E-02,0,3.6585E-01,4.0650E-03,0,4.2683E-01,1.4228E-03
2012-09-27 21:25:00.040,0,0.0,0.0,0,0.0,0.0,0,6.0976E-02,1.3141E-02,0,2.4390E-01,1.5736E-02,0,3.9634E-01,4.4038E-03,0,8.2317E-01,2.7439E-03
2012-09-27 21:25:32.807,0,3.0488E-02,1.2098E-01,0,0.0,0.0,0,3.0488E-02,6.5707E-03,0,1.2195E-01,7.8678E-03,0,4.5732E-01,5.0813E-03,0,6.0976E-01,2.0325E-03
2012-09-27 21:26:05.573,0,0.0,0.0,0,3.0488E-02,9.3809E-02,0,1.5244E-01,3.2853E-02,0,3.0488E-01,1.9670E-02,0,2.4390E-01,2.7100E-03,0,6.0976E-01,2.0325E-03
2012-09-27 21:26:38.343,0,0.0,0.0,0,0.0,0.0,0,1.5244E-01,3.2853E-02,0,2.4390E-01,1.5736E-02,0,3.3537E-01,3.7263E-03,0,5.1829E-01,1.7276E-03
2012-09-27 21:27:11.110,0,3.0488E-02,1.2098E-01,0,3.0488E-02,9.3809E-02,0,3.0488E-02,6.5707E-03,0,2.7439E-01,1.7703E-02,0,4.2683E-01,4.7426E-03,0,7.9268E-01,2.6423E-03
2012-09-27 21:27:43.877,0,3.0488E-02,1.2098E-01,0,0.0,0.0,0,6.0976E-02,1.3141E-02,0,1.8293E-01,1.1802E-02,0,3.3537E-01,3.7263E-03,0,4.8780E-01,1.6260E-03
2012-09-27 21:28:16.647,0,3.0488E-02,1.2098E-01,0,3.0488E-02,9.3809E-02,0,9.1463E-02,1.9712E-02,0,1.2195E-01,7.8678E-03,0,3.0488E-01,3.3875E-03,0,9.4512E-01,3.1504E-03
2012-09-27 21:28:49.413,0,0.0,0.0,0,0.0,0.0,0,6.0976E-02,1.3141E-02,0,2.7439E-01,1.7703E-02,0,2.1342E-01,2.3713E-03,0,3.3537E-01,1.1179E-03
2012-09-27 21:29:22.180,0,0.0,0.0,0,0.0,0.0,0,9.1463E-02,1.9712E-02,0,3.9634E-01,2.5570E-02,0,3.0488E-01,3.3875E-03,0,6.0976E-01,2.0325E-03
2012-09-27 21:29:54.947,0,0.0,0.0,0,0.0,0.0,0,9.1463E-02,1.9712E-02,0,2.4390E-01,1.5736E-02,0,3.9634E-01,4.4038E-03,0,5.4878E-01,1.8293E-03
2012-09-27 21:30:27.717,0,6.0976E-02,2.4197E-01,0,3.0488E-02,9.3809E-02,0,6.0976E-02,1.3141E-02,0,1.5244E-01,9.8348E-03,0,2.1342E-01,2.3713E-03,0,7.3171E-01,2.4390E-03
2012-09-27 21:31:00.483,0,0.0,0.0,0,0.0,0.0,0,1.8293E-01,3.9424E-02,0,3.3537E-01,2.1636E-02,0,3.9634E-01,4.4038E-03,0,4.2683E-01,1.4228E-03
2012-09-27 21:31:33.253,0,6.0976E-02,2.4197E-01,0,0.0,0.0,0,0.0,0.0,0,1.8293E-01,1.1802E-02,0,4.2683E-01,4.7426E-03,0,4.2683E-01,1.4228E-03
2012-09-27 21:32:06.020,0,0.0,0.0,0,0.0,0.0,0,3.0488E-02,6.5707E-03,0,2.7439E-01,1.7703E-02,0,3.0488E-01,3.3875E-03,0,6.0976E-01,2.0325E-03
2012-09-27 21:32:38.787,0,3.0488E-02,1.2098E-01,0,0.0,0.0,0,6.0976E-02,1.3141E-02,0,1.8293E-01,1.1802E-02,0,4.8780E-01,5.4200E-03,0,4.8780E-01,1.6260E-03
2012-09-27 21:33:11.557,0,0.0,0.0,0,0.0,0.0,0,9.1463E-02,1.9712E-02,0,3.6585E-01,2.3604E-02,0,3.3537E-01,3.7263E-03,0,4.8780E-01,1.6260E-03
2012-09-27 21:33:44.323,0,3.0488E-02,1.2098E-01,0,0.0,0.0,0,1.8293E-01,3.9424E-02,0,2.7439E-01,1.7703E-02,0,3.0488E-01,3.3875E-03,0,6.4024E-01,2.1342E-03
2012-09-27 21:34:17.090,0,0.0,0.0,0,0.0,0.0,0,9.1463E-02,1.9712E-02,0,1.5244E-01,9.8348E-03,0,3.9634E-01,4.4038E-03,0,7.0122E-01,2.3374E-03
2012-09-27 21:34:49.857,0,0.0,0.0,0,3.0488E-02,9.3809E-02,0,6.0976E-02,1.3141E-02,0,9.1463E-02,5.9009E-03,0,3.0488E-01,3.3875E-03,0,5.7927E-01,1.9309E-03
2012-09-27 21:35:22.627,0,0.0,0.0,0,0.0,0.0,0,6.0976E-02,1.3141E-02,0,1.5244E-01,9.8348E-03,0,4.5732E-01,5.0813E-03,0,6.4024E-01,2.1342E-03
2012-09-27 21:35:55.393,0,0.0,0.0,0,0.0,0.0,0,3.0488E-02,6.5707E-03,0,6.0976E-02,3.9339E-03,0,3.3537E-01,3.7263E-03,0,5.7927E-01,1.9309E-03
2012-09-27 21:36:28.160,0,0.0,0.0,0,0.0,0.0,0,0.0,0.0,0,9.1463E-02,5.9009E-03,0,2.7439E-01,3.0488E-03,0,7.6220E-01,2.5407E-03
2012-09-27 21:37:00.930,0,6.0976E-02,2.4197E-01,0,0.0,0.0,0,3.0488E-02,6.5707E-03,0,2.1342E-01,1.3769E-02,0,3.3537E-01,3.7263E-03,0,5.1829E-01,1.7276E-03
2012-09-27 21:37:33.697,0,3.0488E-02,1.2098E-01,0,3.0488E-02,9.3809E-02,0,1.8293E-01,3.9424E-02,0,2.1342E-01,1.3769E-02,0,3.6585E-01,4.0650E-03,0,6.4024E-01,2.1342E-03
2012-09-27 21:38:06.463,0,0.0,0.0,0,0.0,0.0,0,6.0976E-02,1.3141E-02,0,9.1463E-02,5.9009E-03,0,4.2683E-01,4.7426E-03,0,5.7927E-01,1.9309E-03
2012-09-27 21:38:39.233,0,3.0488E-02,1.2098E-01,0,0.0,0.0,0,1.8293E-01,3.9424E-02,0,3.3537E-01,2.1636E-02,0,3.9634E-01,4.4038E-03,0,7.0122E-01,2.3374E-03
2012-09-27 21:39:12.000,0,0.0,0.0,0,0.0,0.0,0,1.2195E-01,2.6283E-02,0,1.2195E-01,7.8678E-03,0,3.6585E-01,4.0650E-03,0,8.2317E-01,2.7439E-03
2012-09-27 21:39:44.767,0,0.0,0.0,0,0.0,0.0,0,9.1463E-02,1.9712E-02,0,2.4390E-01,1.5736E-02,0,1.8293E-01,2.0325E-03,0,6.4024E-01,2.1342E-03
2012-09-27 21:40:17.537,0,0.0,0.0,0,3.0488E-02,9.3809E-02,0,9.1463E-02,1.9712E-02,0,2.1342E-01,1.3769E-02,0,1.5244E-01,1.6938E-03,0,5.7927E-01,1.9309E-03
2012-09-27 21:40:50.303,0,0.0,0.0,0,3.0488E-02,9.3809E-02,0,9.1463E-02,1.9712E-02,0,1.8293E-01,1.1802E-02,0,3.3537E-01,3.7263E-03,0,5.4878E-01,1.8293E-03
2012-09-27 21:41:23.070,0,3.0488E-02,1.2098E-01,0,0.0,0.0,0,9.1463E-02,1.9712E-02,0,2.4390E-01,1.5736E-02,0,3.6585E-01,4.0650E-03,0,5.7927E-01,1.9309E-03
2012-09-27 21:41:55.840,0,0.0,0.0,0,0.0,0.0,0,9.1463E-02,1.9712E-02,0,1.5244E-01,9.8348E-03,0,2.4390E-01,2.7100E-03,0,7.0122E-01,2.3374E-03
2012-09-27 21:42:28.607,0,0.0,0.0,0,0.0,0.0,0,3.0488E-02,6.5707E-03,0,2.7439E-01,1.7703E-02,0,5.4878E-01,6.0976E-03,0,5.7927E-01,1.9309E-03
2012-09-27 21:43:01.373,0,0.0,0.0,0,0.0,0.0,0,9.1463E-02,1.9712E-02,0,1.2195E-01,7.8678E-03,0,3.3537E-01,3.7263E-03,0,5.4878E-01,1.8293E-03
2012-09-27 21:43:34.143,0,0.0,0.0,0,0.0,0.0,0,3.0488E-02,6.5707E-03,0,2.7439E-01,1.7703E-02,0,3.3537E-01,3.7263E-03,0,6.4024E-01,2.1342E-03
2012-09-27 21:44:06.910,0,3.0488E-02,1.2098E-01,0,0.0,0.0,0,6.0976E-02,1.3141E-02,0,6.0976E-02,3.9339E-03,0,4.2683E-01,4.7426E-03,0,4.5732E-01,1.5244E-03
2012-09-27 21:44:39.677,0,6.0976E-02,2.4197E-01,0,0.0,0.0,0,1.2195E-01,2.6283E-02,0,2.4390E-01,1.5736E-02,0,4.8780E-01,5.4200E-03,0,6.4024E-01,2.1342E-03
2012-09-27 21:45:12.447,0,0.0,0.0,0,0.0,0.0,0,0.0,0.0,0,3.0488E-01,1.9670E-02,0,3.6585E-01,4.0650E-03,0,6.7073E-01,2.2358E-03
2012-09-27 21:45:45.213,0,3.0488E-02,1.2098E-01,0,0.0,0.0,0,6.0976E-02,1.3141E-02,0,2.7439E-01,1.7703E-02,0,2.7439E-01,3.0488E-03,0,5.4878E-01,1.8293E-03
2012-09-27 21:46:17.980,0,0.0,0.0,0,0.0,0.0,0,1.2195E-01,2.6283E-02,0,2.7439E-01,1.7703E-02,0,3.3537E-01,3.7263E-03,0,5.4878E-01,1.8293E-03
2012-09-27 21:46:50.747,0,0.0,0.0,0,0.0,0.0,0,9.1463E-02,1.9712E-02,0,1.2195E-01,7.8678E-03,0,3.9634E-01,4.4038E-03,0,4.8780E-01,1.6260E-03
2012-09-27 21:47:23.517,0,0.0,0.0,0,0.0,0.0,0,9.1463E-02,1.9712E-02,0,1.5244E-01,9.8348E-03,0,5.7927E-01,6.4363E-03,0,5.4878E-01,1.8293E-03
2012-09-27 21:47:56.283,0,3.0488E-02,1.2098E-01,0,0.0,0.0,0,1.2195E-01,2.6283E-02,0,1.8293E-01,1.1802E-02,0,2.4390E-01,2.7100E-03,0,5.4878E-01,1.8293E-03
2012-09-27 21:48:29.050,0,3.0488E-02,1.2098E-01,0,0.0,0.0,0,3.0488E-02,6.5707E-03,0,9.1463E-02,5.9009E-03,0,2.7439E-01,3.0488E-03,0,5.4878E-01,1.8293E-03
2012-09-27 21:49:01.820,0,6.0976E-02,2.4197E-01,0,0.0,0.0,0,1.2195E-01,2.6283E-02,0,9.1463E-02,5.9009E-03,0,3.9634E-01,4.4038E-03,0,6.7073E-01,2.2358E-03
2012-09-27 21:49:34.587,0,0.0,0.0,0,0.0,0.0,0,6.0976E-02,1.3141E-02,0,3.6585E-01,2.3604E-02,0,2.7439E-01,3.0488E-03,0,5.4878E-01,1.8293E-03
2012-09-27 21:50:07.357,0,0.0,0.0,0,0.0,0.0,0,9.1463E-02,1.9712E-02,0,2.4390E-01,1.5736E-02,0,5.1829E-01,5.7588E-03,0,5.7927E-01,1.9309E-03
2012-09-27 21:50:40.123,0,6.0976E-02,2.4197E-01,0,0.0,0.0,0,6.0976E-02,1.3141E-02,0,1.5244E-01,9.8348E-03,0,5.7927E-01,6.4363E-03,0,5.1829E-01,1.7276E-03
2012-09-27 21:51:12.890,0,0.0,0.0,0,3.0488E-02,9.3809E-02,0,6.0976E-02,1.3141E-02,0,1.8293E-01,1.1802E-02,0,3.0488E-01,3.3875E-03,0,7.0122E-01,2.3374E-03
2012-09-27 21:51:45.657,0,0.0,0.0,0,0.0,0.0,0,1.8293E-01,3.9424E-02,0,1.5244E-01,9.8348E-03,0,2.7439E-01,3.0488E-03,0,6.0976E-01,2.0325E-03
2012-09-27 21:52:18.427,0,3.0488E-02,1.2098E-01,0,3.0488E-02,9.3809E-02,0,1.2195E-01,2.6283E-02,0,1.5244E-01,9.8348E-03,0,2.4390E-01,2.7100E-03,0,3.3537E-01,1.1179E-03
2012-09-27 21:52:51.193,0,3.0488E-02,1.2098E-01,0,0.0,0.0,0,3.0488E-02,6.5707E-03,0,6.0976E-02,3.9339E-03,0,3.0488E-01,3.3875E-03,0,6.0976E-01,2.0325E-03
2012-09-27 21:53:23.960,0,0.0,0.0,0,3.0488E-02,9.3809E-02,0,1.5244E-01,3.2853E-02,0,3.3537E-01,2.1636E-02,0,2.7439E-01,3.0488E-03,0,5.1829E-01,1.7276E-03
2012-09-27 21:53:56.730,0,3.0488E-02,1.2098E-01,0,0.0,0.0,0,6.0976E-02,1.3141E-02,0,1.5244E-01,9.8348E-03,0,2.7439E-01,3.0488E-03,0,9.1463E-01,3.0488E-03
2012-09-27 21:54:29.497,0,0.0,0.0,0,0.0,0.0,0,1.5244E-01,3.2853E-02,0,2.4390E-01,1.5736E-02,0,4.8780E-01,5.4200E-03,0,5.7927E-01,1.9309E-03
2012-09-27 21:55:02.263,0,6.0976E-02,2.4197E-01,0,3.0488E-02,9.3809E-02,0,1.2195E-01,2.6283E-02,0,2.4390E-01,1.5736E-02,0,3.3537E-01,3.7263E-03,0,7.0122E-01,2.3374E-03
2012-09-27 21:55:35.033,0,0.0,0.0,0,0.0,0.0,0,9.1463E-02,1.9712E-02,0,1.5244E-01,9.8348E-03,0,3.3537E-01,3.7263E-03,0,5.7927E-01,1.9309E-03
2012-09-27 21:56:07.800,0,6.0976E-02,2.4197E-01,0,0.0,0.0,0,1.5244E-01,3.2853E-02,0,1.8293E-01,1.1802E-02,0,3.3537E-01,3.7263E-03,0,3.9634E-01,1.3211E-03
2012-09-27 21:56:40.567,0,3.0488E-02,1.2098E-01,0,0.0,0.0,0,1.2195E-01,2.6283E-02,0,3.0488E-02,1.9670E-03,0,3.9634E-01,4.4038E-03,0,7.3171E-01,2.4390E-03
2012-09-27 21:57:13.337,0,0.0,0.0,0,0.0,0.0,0,0.0,0.0,0,1.5244E-01,9.8348E-03,0,2.7439E-01,3.0488E-03,0,5.4878E-01,1.8293E-03
2012-09-27 21:57:46.103,0,3.0488E-02,1.2098E-01,0,0.0,0.0,0,1.8293E-01,3.9424E-02,0,2.4390E-01,1.5736E-02,0,4.5732E-01,5.0813E-03,0,5.7927E-01,1.9309E-03
2012-09-27 21:58:18.870,0,3.0488E-02,1.2098E-01,0,0.0,0.0,0,1.5244E-01,3.2853E-02,0,1.5244E-01,9.8348E-03,0,3.3537E-01,3.7263E-03,0,7.3171E-01,2.4390E-03
2012-09-27 21:58:51.637,0,3.0488E-02,1.2098E-01,0,0.0,0.0,0,3.0488E-02,6.5707E-03,0,1.8293E-01,1.1802E-02,0,4.8780E-01,5.4200E-03,0,3.9634E-01,1.3211E-03
2012-09-27 21:59:24.407,0,3.0488E-02,1.2098E-01,0,0.0,0.0,0,6.0976E-02,1.3141E-02,0,3.0488E-01,1.9670E-02,0,4.5732E-01,5.0813E-03,0,8.2317E-01,2.7439E-03
2012-09-27 21:59:57.173,0,3.0488E-02,1.2098E-01,0,0.0,0.0,0,1.2195E-01,2.6283E-02,0,1.8293E-01,1.1802E-02,0,2.7439E-01,3.0488E-03,0,6.0976E-01,2.0325E-03
2012-09-27 22:00:29.943,0,3.0488E-02,1.2098E-01,0,0.0,0.0,0,1.2195E-01,2.6283E-02,0,1.2195E-01,7.8678E-03,0,3.3537E-01,3.7263E-03,0,5.7927E-01,1.9309E-03
2012-09-27 22:01:02.710,0,0.0,0.0,0,3.0488E-02,9.3809E-02,0,3.0488E-02,6.5707E-03,0,9.1463E-02,5.9009E-03,0,1.8293E-01,2.0325E-03,0,4.2683E-01,1.4228E-03
2012-09-27 22:01:35.477,0,6.0976E-02,2.4197E-01,0,0.0,0.0,0,9.1463E-02,1.9712E-02,0,1.8293E-01,1.1802E-02,0,3.0488E-01,3.3875E-03,0,4.5732E-01,1.5244E-03
2012-09-27 22:02:08.247,0,9.1463E-02,3.6295E-01,0,0.0,0.0,0,0.0,0.0,0,1.2195E-01,7.8678E-03,0,2.7439E-01,3.0488E-03,0,5.1829E-01,1.7276E-03
2012-09-27 22:02:41.013,0,0.0,0.0,0,0.0,0.0,0,6.0976E-02,1.3141E-02,0,3.0488E-01,1.9670E-02,0,5.1829E-01,5.7588E-03,0,5.7927E-01,1.9309E-03
2012-09-27 22:03:13.780,0,0.0,0.0,0,0.0,0.0,0,9.1463E-02,1.9712E-02,0,1.8293E-01,1.1802E-02,0,3.0488E-01,3.3875E-03,0,7.6220E-01,2.5407E-03
2012-09-27 22:03:46.547,0,0.0,0.0,0,0.0,0.0,0,0.0,0.0,0,1.8293E-01,1.1802E-02,0,4.2683E-01,4.7426E-03,0,8.8415E-01,2.9471E-03
2012-09-27 22:04:19.317,0,0.0,0.0,0,3.0488E-02,9.3809E-02,0,3.0488E-02,6.5707E-03,0,1.5244E-01,9.8348E-03,0,3.3537E-01,3.7263E-03,0,5.4878E-01,1.8293E-03
2012-09-27 22:04:52.083,0,3.0488E-02,1.2098E-01,0,0.0,0.0,0,0.0,0.0,0,2.4390E-01,1.5736E-02,0,3.6585E-01,4.0650E-03,0,4.2683E-01,1.4228E-03
2012-09-27 22:05:24.850,0,3.0488E-02,1.2098E-01,0,0.0,0.0,0,9.1463E-02,1.9712E-02,0,1.2195E-01,7.8678E-03,0,3.6585E-01,4.0650E-03,0,3.9634E-01,1.3211E-03
2012-09-27 22:05:57.620,0,3.0488E-02,1.2098E-01,0,0.0,0.0,0,3.0488E-02,6.5707E-03,0,2.4390E-01,1.5736E-02,0,3.3537E-01,3.7263E-03,0,5.1829E-01,1.7276E-03
2012-09-27 22:06:30.387,0,0.0,0.0,0,0.0,0.0,0,9.1463E-02,1.9712E-02,0,9.1463E-02,5.9009E-03,0,3.6585E-01,4.0650E-03,0,5.4878E-01,1.8293E-03
2012-09-27 22:07:03.157,0,6.0976E-02,2.4197E-01,0,0.0,0.0,0,1.2195E-01,2.6283E-02,0,1.8293E-01,1.1802E-02,0,3.6585E-01,4.0650E-03,0,5.7927E-01,1.9309E-03
2012-09-27 22:07:35.923,0,3.0488E-02,1.2098E-01,0,3.0488E-02,9.3809E-02,0,6.0976E-02,1.3141E-02,0,1.2195E-01,7.8678E-03,0,3.3537E-01,3.7263E-03,0,6.7073E-01,2.2358E-03
2012-09-27 22:08:08.690,0,3.0488E-02,1.2098E-01,0,0.0,0.0,0,0.0,0.0,0,2.4390E-01,1.5736E-02,0,2.4390E-01,2.7100E-03,0,7.6220E-01,2.5407E-03
2012-09-27 22:08:41.457,0,0.0,0.0,0,0.0,0.0,0,3.0488E-02,6.5707E-03,0,2.4390E-01,1.5736E-02,0,6.0976E-01,6.7751E-03,0,4.5732E-01,1.5244E-03
2012-09-27 22:09:14.227,0,0.0,0.0,0,0.0,0.0,0,0.0,0.0,0,1.8293E-01,1.1802E-02,0,5.1829E-01,5.7588E-03,0,5.1829E-01,1.7276E-03
2012-09-27 22:09:46.993,0,3.0488E-02,1.2098E-01,0,3.0488E-02,9.3809E-02,0,6.0976E-02,1.3141E-02,0,1.2195E-01,7.8678E-03,0,3.9634E-01,4.4038E-03,0,8.2317E-01,2.7439E-03
2012-09-27 22:10:19.760,0,0.0,0.0,0,0.0,0.0,0,9.1463E-02,1.9712E-02,0,2.4390E-01,1.5736E-02,0,3.9634E-01,4.4038E-03,0,7.9268E-01,2.6423E-03
2012-09-27 22:10:52.530,0,0.0,0.0,0,6.0976E-02,1.8762E-01,0,1.5244E-01,3.2853E-02,0,0.0,0.0,0,4.2683E-01,4.7426E-03,0,5.4878E-01,1.8293E-03
2012-09-27 22:11:25.297,0,0.0,0.0,0,3.0488E-02,9.3809E-02,0,6.0976E-02,1.3141E-02,0,3.0488E-01,1.9670E-02,0,2.7439E-01,3.0488E-03,0,4.2683E-01,1.4228E-03
2012-09-27 22:11:58.063,0,3.0488E-02,1.2098E-01,0,3.0488E-02,9.3809E-02,0,3.0488E-02,6.5707E-03,0,1.8293E-01,1.1802E-02,0,3.3537E-01,3.7263E-03,0,5.1829E-01,1.7276E-03
2012-09-27 22:12:30.833,0,0.0,0.0,0,0.0,0.0,0,3.0488E-02,6.5707E-03,0,1.5244E-01,9.8348E-03,0,3.9634E-01,4.4038E-03,0,4.2683E-01,1.4228E-03
2012-09-27 22:13:03.600,0,0.0,0.0,0,0.0,0.0,0,6.0976E-02,1.3141E-02,0,2.7439E-01,1.7703E-02,0,3.6585E-01,4.0650E-03,0,8.2317E-01,2.7439E-03
2012-09-27 22:13:36.367,0,0.0,0.0,0,0.0,0.0,0,6.0976E-02,1.3141E-02,0,1.8293E-01,1.1802E-02,0,3.9634E-01,4.4038E-03,0,3.6585E-01,1.2195E-03
2012-09-27 22:14:09.137,0,0.0,0.0,0,3.0488E-02,9.3809E-02,0,3.0488E-02,6.5707E-03,0,2.1342E-01,1.3769E-02,0,2.1342E-01,2.3713E-03,0,6.4024E-01,2.1342E-03
2012-09-27 22:14:41.903,0,0.0,0.0,0,3.0488E-02,9.3809E-02,0,1.8293E-01,3.9424E-02,0,1.5244E-01,9.8348E-03,0,2.7439E-01,3.0488E-03,0,5.4878E-01,1.8293E-03
2012-09-27 22:15:14.670,0,0.0,0.0,0,0.0,0.0,0,1.5244E-01,3.2853E-02,0,2.1342E-01,1.3769E-02,0,3.6585E-01,4.0650E-03,0,6.0976E-01,2.0325E-03
2012-09-27 22:15:47.437,0,3.0488E-02,1.2098E-01,0,0.0,0.0,0,3.0488E-02,6.5707E-03,0,1.8293E-01,1.1802E-02,0,4.5732E-01,5.0813E-03,0,6.7073E-01,2.2358E-03
2012-09-27 22:16:20.207,0,3.0488E-02,1.2098E-01,0,0.0,0.0,0,1.5244E-01,3.2853E-02,0,1.5244E-01,9.8348E-03,0,1.5244E-01,1.6938E-03,0,6.0976E-01,2.0325E-03
2012-09-27 22:16:52.973,0,0.0,0.0,0,0.0,0.0,0,9.1463E-02,1.9712E-02,0,1.5244E-01,9.8348E-03,0,2.4390E-01,2.7100E-03,0,5.1829E-01,1.7276E-03
2012-09-27 22:17:25.740,0,0.0,0.0,0,0.0,0.0,0,0.0,0.0,0,1.2195E-01,7.8678E-03,0,3.0488E-01,3.3875E-03,0,6.4024E-01,2.1342E-03
2012-09-27 22:17:58.510,0,3.0488E-02,1.2098E-01,0,0.0,0.0,0,3.0488E-02,6.5707E-03,0,1.5244E-01,9.8348E-03,0,4.8780E-01,5.4200E-03,0,6.7073E-01,2.2358E-03
2012-09-27 22:18:31.277,0,0.0,0.0,0,0.0,0.0,0,1.2195E-01,2.6283E-02,0,2.7439E-01,1.7703E-02,0,3.3537E-01,3.7263E-03,0,4.8780E-01,1.6260E-03
2012-09-27 22:19:04.047,0,3.0488E-02,1.2098E-01,0,0.0,0.0,0,6.0976E-02,1.3141E-02,0,1.8293E-01,1.1802E-02,0,3.0488E-01,3.3875E-03,0,6.7073E-01,2.2358E-03
2012-09-27 22:19:36.813,0,3.0488E-02,1.2098E-01,0,3.0488E-02,9.3809E-02,0,9.1463E-02,1.9712E-02,0,2.1342E-01,1.3769E-02,0,4.8780E-01,5.4200E-03,0,7.6220E-01,2.5407E-03
2012-09-27 22:20:09.580,0,0.0,0.0,0,3.0488E-02,9.3809E-02,0,0.0,0.0,0,2.4390E-01,1.5736E-02,0,3.3537E-01,3.7263E-03,0,8.8415E-01,2.9471E-03
2012-09-27 22:20:42.347,0,3.0488E-02,1.2098E-01,0,0.0,0.0,0,6.0976E-02,1.3141E-02,0,2.7439E-01,1.7703E-02,0,5.7927E-01,6.4363E-03,0,6.4024E-01,2.1342E-03
2012-09-27 22:21:15.117,0,0.0,0.0,0,0.0,0.0,0,3.0488E-02,6.5707E-03,0,2.4390E-01,1.5736E-02,0,2.4390E-01,2.7100E-03,0,5.1829E-01,1.7276E-03
2012-09-27 22:21:47.883,0,6.0976E-02,2.4197E-01,0,0.0,0.0,0,3.0488E-02,6.5707E-03,0,3.6585E-01,2.3604E-02,0,4.5732E-01,5.0813E-03,0,5.7927E-01,1.9309E-03
2012-09-27 22:22:20.650,0,3.0488E-02,1.2098E-01,0,3.0488E-02,9.3809E-02,0,1.2195E-01,2.6283E-02,0,2.1342E-01,1.3769E-02,0,4.2683E-01,4.7426E-03,0,5.7927E-01,1.9309E-03
2012-09-27 22:22:53.420,0,0.0,0.0,0,3.0488E-02,9.3809E-02,0,0.0,0.0,0,1.2195E-01,7.8678E-03,0,3.0488E-01,3.3875E-03,0,7.0122E-01,2.3374E-03
2012-09-27 22:23:26.187,0,6.0976E-02,2.4197E-01,0,3.0488E-02,9.3809E-02,0,3.0488E-02,6.5707E-03,0,2.7439E-01,1.7703E-02,0,3.9634E-01,4.4038E-03,0,5.4878E-01,1.8293E-03
2012-09-27 22:23:58.953,0,6.0976E-02,2.4197E-01,0,0.0,0.0,0,2.7439E-01,5.9136E-02,0,6.0976E-02,3.9339E-03,0,4.2683E-01,4.7426E-03,0,6.0976E-01,2.0325E-03
2012-09-27 22:24:31.723,0,3.0488E-02,1.2098E-01,0,3.0488E-02,9.3809E-02,0,6.0976E-02,1.3141E-02,0,2.4390E-01,1.5736E-02,0,4.2683E-01,4.7426E-03,0,5.7927E-01,1.9309E-03
2012-09-27 22:25:04.490,0,3.0488E-02,1.2098E-01,0,3.0488E-02,9.3809E-02,0,1.5244E-01,3.2853E-02,0,3.3537E-01,2.1636E-02,0,4.5732E-01,5.0813E-03,0,5.7927E-01,1.9309E-03
2012-09-27 22:25:37.257,0,1.5244E-01,6.0492E-01,0,0.0,0.0,0,9.1463E-02,1.9712E-02,0,1.8293E-01,1.1802E-02,0,4.5732E-01,5.0813E-03,0,6.4024E-01,2.1342E-03
2012-09-27 22:26:10.027,0,0.0,0.0,0,0.0,0.0,0,3.0488E-02,6.5707E-03,0,1.5244E-01,9.8348E-03,0,1.8293E-01,2.0325E-03,0,6.0976E-01,2.0325E-03
2012-09-27 22:26:42.793,0,3.0488E-02,1.2098E-01,0,0.0,0.0,0,9.1463E-02,1.9712E-02,0,1.8293E-01,1.1802E-02,0,4.2683E-01,4.7426E-03,0,6.7073E-01,2.2358E-03
2012-09-27 22:27:15.560,0,6.0976E-02,2.4197E-01,0,0.0,0.0,0,3.0488E-02,6.5707E-03,0,2.7439E-01,1.7703E-02,0,4.8780E-01,5.4200E-03,0,6.7073E-01,2.2358E-03
2012-09-27 22:27:48.327,0,6.0976E-02,2.4197E-01,0,0.0,0.0,0,3.0488E-02,6.5707E-03,0,2.7439E-01,1.7703E-02,0,3.3537E-01,3.7263E-03,0,3.6585E-01,1.2195E-03
2012-09-27 22:28:21.097,0,3.0488E-02,1.2098E-01,0,0.0,0.0,0,1.2195E-01,2.6283E-02,0,1.8293E-01,1.1802E-02,0,4.5732E-01,5.0813E-03,0,5.1829E-01,1.7276E-03
2012-09-27 22:28:53.863,0,0.0,0.0,0,0.0,0.0,0,6.0976E-02,1.3141E-02,0,1.8293E-01,1.1802E-02,0,5.1829E-01,5.7588E-03,0,3.9634E-01,1.3211E-03
2012-09-27 22:29:26.630,0,0.0,0.0,0,0.0,0.0,0,0.0,0.0,0,1.5244E-01,9.8348E-03,0,3.3537E-01,3.7263E-03,0,3.3537E-01,1.1179E-03
2012-09-27 22:29:59.400,0,9.1463E-02,3.6295E-01,0,0.0,0.0,0,2.4390E-01,5.2565E-02,0,3.3537E-01,2.1636E-02,0,5.1829E-01,5.7588E-03,0,7.3171E-01,2.4390E-03
2012-09-27 22:30:32.167,0,3.0488E-02,1.2098E-01,0,0.0,0.0,0,9.1463E-02,1.9712E-02,0,2.1342E-01,1.3769E-02,0,4.5732E-01,5.0813E-03,0,5.7927E-01,1.9309E-03
2012-09-27 22:31:04.937,0,3.0488E-02,1.2098E-01,0,3.0488E-02,9.3809E-02,0,6.0976E-02,1.3141E-02,0,1.5244E-01,9.8348E-03,0,3.9634E-01,4.4038E-03,0,5.7927E-01,1.9309E-03
2012-09-27 22:31:37.703,0,3.0488E-02,1.2098E-01,0,3.0488E-02,9.3809E-02,0,6.0976E-02,1.3141E-02,0,2.1342E-01,1.3769E-02,0,3.9634E-01,4.4038E-03,0,4.5732E-01,1.5244E-03
2012-09-27 22:32:10.470,0,0.0,0.0,0,0.0,0.0,0,6.0976E-02,1.3141E-02,0,2.7439E-01,1.7703E-02,0,4.5732E-01,5.0813E-03,0,4.8780E-01,1.6260E-03
2012-09-27 22:32:43.237,0,0.0,0.0,0,0.0,0.0,0,9.1463E-02,1.9712E-02,0,3.6585E-01,2.3604E-02,0,4.8780E-01,5.4200E-03,0,5.7927E-01,1.9309E-03
2012-09-27 22:33:16.007,0,3.0488E-02,1.2098E-01,0,0.0,0.0,0,6.0976E-02,1.3141E-02,0,2.7439E-01,1.7703E-02,0,3.6585E-01,4.0650E-03,0,4.5732E-01,1.5244E-03
2012-09-27 22:33:48.773,0,0.0,0.0,0,0.0,0.0,0,6.0976E-02,1.3141E-02,0,2.4390E-01,1.5736E-02,0,5.1829E-01,5.7588E-03,0,7.9268E-01,2.6423E-03
2012-09-27 22:34:21.540,0,0.0,0.0,0,0.0,0.0,0,6.0976E-02,1.3141E-02,0,2.4390E-01,1.5736E-02,0,3.3537E-01,3.7263E-03,0,5.7927E-01,1.9309E-03
2012-09-27 22:34:54.310,0,0.0,0.0,0,0.0,0.0,0,9.1463E-02,1.9712E-02,0,2.7439E-01,1.7703E-02,0,4.5732E-01,5.0813E-03,0,6.4024E-01,2.1342E-03
2012-09-27 22:35:27.077,0,0.0,0.0,0,3.0488E-02,9.3809E-02,0,3.0488E-02,6.5707E-03,0,2.4390E-01,1.5736E-02,0,4.8780E-01,5.4200E-03,0,6.0976E-01,2.0325E-03
2012-09-27 22:35:59.843,0,0.0,0.0,0,0.0,0.0,0,9.1463E-02,1.9712E-02,0,2.1342E-01,1.3769E-02,0,3.6585E-01,4.0650E-03,0,8.2317E-01,2.7439E-03
2012-09-27 22:36:32.613,0,0.0,0.0,0,3.0488E-02,9.3809E-02,0,1.2195E-01,2.6283E-02,0,1.5244E-01,9.8348E-03,0,5.7927E-01,6.4363E-03,0,3.6585E-01,1.2195E-03
2012-09-27 22:37:05.380,0,0.0,0.0,0,0.0,0.0,0,6.0976E-02,1.3141E-02,0,1.8293E-01,1.1802E-02,0,3.9634E-01,4.4038E-03,0,5.4878E-01,1.8293E-03
2012-09-27 22:37:38.147,0,3.0488E-02,1.2098E-01,0,0.0,0.0,0,6.0976E-02,1.3141E-02,0,2.4390E-01,1.5736E-02,0,5.1829E-01,5.7588E-03,0,5.7927E-01,1.9309E-03
2012-09-27 22:38:10.917,0,3.0488E-02,1.2098E-01,0,0.0,0.0,0,9.1463E-02,1.9712E-02,0,2.4390E-01,1.5736E-02,0,3.3537E-01,3.7263E-03,0,7.3171E-01,2.4390E-03
2012-09-27 22:38:43.683,0,0.0,0.0,0,0.0,0.0,0,6.0976E-02,1.3141E-02,0,1.2195E-01,7.8678E-03,0,2.4390E-01,2.7100E-03,0,6.0976E-01,2.0325E-03
2012-09-27 22:39:16.450,0,3.0488E-02,1.2098E-01,0,3.0488E-02,9.3809E-02,0,9.1463E-02,1.9712E-02,0,2.1342E-01,1.3769E-02,0,2.1342E-01,2.3713E-03,0,6.0976E-01,2.0325E-03
2012-09-27 22:39:49.217,0,0.0,0.0,0,3.0488E-02,9.3809E-02,0,6.0976E-02,1.3141E-02,0,1.5244E-01,9.8348E-03,0,1.8293E-01,2.0325E-03,0,6.0976E-01,2.0325E-03
2012-09-27 22:40:21.987,0,6.0976E-02,2.4197E-01,0,3.0488E-02,9.3809E-02,0,3.0488E-02,6.5707E-03,0,9.1463E-02,5.9009E-03,0,3.3537E-01,3.7263E-03,0,6.0976E-01,2.0325E-03
2012-09-27 22:40:54.753,0,3.0488E-02,1.2098E-01,0,0.0,0.0,0,6.0976E-02,1.3141E-02,0,9.1463E-02,5.9009E-03,0,3.6585E-01,4.0650E-03,0,3.6585E-01,1.2195E-03
2012-09-27 22:41:27.520,0,0.0,0.0,0,0.0,0.0,0,6.0976E-02,1.3141E-02,0,2.4390E-01,1.5736E-02,0,3.3537E-01,3.7263E-03,0,5.4878E-01,1.8293E-03
2012-09-27 22:42:00.290,0,0.0,0.0,0,3.0488E-02,9.3809E-02,0,3.0488E-02,6.5707E-03,0,1.5244E-01,9.8348E-03,0,3.9634E-01,4.4038E-03,0,7.0122E-01,2.3374E-03
2012-09-27 22:42:33.057,0,0.0,0.0,0,6.0976E-02,1.8762E-01,0,3.0488E-02,6.5707E-03,0,1.5244E-01,9.8348E-03,0,4.2683E-01,4.7426E-03,0,6.4024E-01,2.1342E-03
2012-09-27 22:43:05.823,0,0.0,0.0,0,0.0,0.0,0,0.0,0.0,0,9.1463E-02,5.9009E-03,0,5.7927E-01,6.4363E-03,0,7.3171E-01,2.4390E-03
2012-09-27 22:43:38.593,0,0.0,0.0,0,0.0,0.0,0,9.1463E-02,1.9712E-02,0,2.1342E-01,1.3769E-02,0,3.9634E-01,4.4038E-03,0,5.1829E-01,1.7276E-03
2012-09-27 22:44:11.360,0,3.0488E-02,1.2098E-01,0,0.0,0.0,0,3.0488E-02,6.5707E-03,0,1.8293E-01,1.1802E-02,0,2.7439E-01,3.0488E-03,0,4.2683E-01,1.4228E-03
2012-09-27 22:44:44.127,0,3.0488E-02,1.2098E-01,0,0.0,0.0,0,3.0488E-02,6.5707E-03,0,1.2195E-01,7.8678E-03,0,3.0488E-01,3.3875E-03,0,5.7927E-01,1.9309E-03
2012-09-27 22:45:16.897,0,3.0488E-02,1.2098E-01,0,3.0488E-02,9.3809E-02,0,9.1463E-02,1.9712E-02,0,6.0976E-02,3.9339E-03,0,3.0488E-01,3.3875E-03,0,4.5732E-01,1.5244E-03
2012-09-27 22:45:49.663,0,0.0,0.0,0,0.0,0.0,0,3.0488E-02,6.5707E-03,0,2.1342E-01,1.3769E-02,0,4.2683E-01,4.7426E-03,0,5.4878E-01,1.8293E-03
2012-09-27 22:46:22.430,0,3.0488E-02,1.2098E-01,0,0.0,0.0,0,1.2195E-01,2.6283E-02,0,2.1342E-01,1.3769E-02,0,5.4878E-01,6.0976E-03,0,7.0122E-01,2.3374E-03
2012-09-27 22:46:55.197,0,3.0488E-02,1.2098E-01,0,0.0,0.0,0,3.0488E-02,6.5707E-03,0,1.8293E-01,1.1802E-02,0,5.1829E-01,5.7588E-03,0,3.9634E-01,1.3211E-03
2012-09-27 22:47:27.967,0,0.0,0.0,0,0.0,0.0,0,6.0976E-02,1.3141E-02,0,1.5244E-01,9.8348E-03,0,4.2683E-01,4.7426E-03,0,7.0122E-01,2.3374E-03
2012-09-27 22:48:00.733,0,0.0,0.0,0,3.0488E-02,9.3809E-02,0,6.0976E-02,1.3141E-02,0,2.7439E-01,1.7703E-02,0,4.5732E-01,5.0813E-03,0,6.7073E-01,2.2358E-03
2012-09-27 22:48:33.503,0,0.0,0.0,0,0.0,0.0,0,6.0976E-02,1.3141E-02,0,1.5244E-01,9.8348E-03,0,3.3537E-01,3.7263E-03,0,3.9634E-01,1.3211E-03
2012-09-27 22:49:06.270,0,3.0488E-02,1.2098E-01,0,0.0,0.0,0,1.8293E-01,3.9424E-02,0,9.1463E-02,5.9009E-03,0,2.7439E-01,3.0488E-03,0,5.1829E-01,1.7276E-03
2012-09-27 22:49:39.037,0,0.0,0.0,0,3.0488E-02,9.3809E-02,0,9.1463E-02,1.9712E-02,0,2.7439E-01,1.7703E-02,0,3.0488E-01,3.3875E-03,0,5.1829E-01,1.7276E-03
2012-09-27 22:50:11.807,0,3.0488E-02,1.2098E-01,0,0.0,0.0,0,3.0488E-02,6.5707E-03,0,2.4390E-01,1.5736E-02,0,2.7439E-01,3.0488E-03,0,6.0976E-01,2.0325E-03
2012-09-27 22:50:44.573,0,9.1463E-02,3.6295E-01,0,0.0,0.0,0,6.0976E-02,1.3141E-02,0,1.2195E-01,7.8678E-03,0,3.6585E-01,4.0650E-03,0,9.1463E-01,3.0488E-03
2012-09-27 22:51:17.340,0,3.0488E-02,1.2098E-01,0,0.0,0.0,0,3.0488E-02,6.5707E-03,0,3.3537E-01,2.1636E-02,0,2.1342E-01,2.3713E-03,0,4.8780E-01,1.6260E-03
2012-09-27 22:51:50.107,0,6.0976E-02,2.4197E-01,0,0.0,0.0,0,9.1463E-02,1.9712E-02,0,3.3537E-01,2.1636E-02,0,3.9634E-01,4.4038E-03,0,5.1829E-01,1.7276E-03
2012-09-27 22:52:22.877,0,0.0,0.0,0,0.0,0.0,0,0.0,0.0,0,2.7439E-01,1.7703E-02,0,3.6585E-01,4.0650E-03,0,4.5732E-01,1.5244E-03
2012-09-27 22:52:55.643,0,3.0488E-02,1.2098E-01,0,6.0976E-02,1.8762E-01,0,9.1463E-02,1.9712E-02,0,2.4390E-01,1.5736E-02,0,3.3537E-01,3.7263E-03,0,3.9634E-01,1.3211E-03
2012-09-27 22:53:28.410,0,9.1463E-02,3.6295E-01,0,0.0,0.0,0,6.0976E-02,1.3141E-02,0,2.4390E-01,1.5736E-02,0,2.1342E-01,2.3713E-03,0,7.6220E-01,2.5407E-03
2012-09-27 22:54:01.180,0,0.0,0.0,0,0.0,0.0,0,9.1463E-02,1.9712E-02,0,2.7439E-01,1.7703E-02,0,4.2683E-01,4.7426E-03,0,7.0122E-01,2.3374E-03
2012-09-27 22:54:33.947,0,3.0488E-02,1.2098E-01,0,0.0,0.0,0,3.0488E-02,6.5707E-03,0,3.0488E-01,1.9670E-02,0,3.3537E-01,3.7263E-03,0,5.1829E-01,1.7276E-03
2012-09-27 22:55:06.713,0,3.0488E-02,1.2098E-01,0,3.0488E-02,9.3809E-02,0,6.0976E-02,1.3141E-02,0,1.2195E-01,7.8678E-03,0,4.2683E-01,4.7426E-03,0,6.4024E-01,2.1342E-03
2012-09-27 22:55:39.483,0,0.0,0.0,0,0.0,0.0,0,9.1463E-02,1.9712E-02,0,1.8293E-01,1.1802E-02,0,3.9634E-01,4.4038E-03,0,7.9268E-01,2.6423E-03
2012-09-27 22:56:12.250,0,0.0,0.0,0,3.0488E-02,9.3809E-02,0,9.1463E-02,1.9712E-02,0,9.1463E-02,5.9009E-03,0,3.6585E-01,4.0650E-03,0,4.8780E-01,1.6260E-03
2012-09-27 22:56:45.017,0,0.0,0.0,0,3.0488E-02,9.3809E-02,0,9.1463E-02,1.9712E-02,0,3.0488E-01,1.9670E-02,0,3.6585E-01,4.0650E-03,0,3.9634E-01,1.3211E-03
2012-09-27 22:57:17.787,0,0.0,0.0,0,9.1463E-02,2.8143E-01,0,3.0488E-02,6.5707E-03,0,3.3537E-01,2.1636E-02,0,4.2683E-01,4.7426E-03,0,5.7927E-01,1.9309E-03
2012-09-27 22:57:50.553,0,6.0976E-02,2.4197E-01,0,0.0,0.0,0,3.0488E-02,6.5707E-03,0,2.1342E-01,1.3769E-02,0,3.9634E-01,4.4038E-03,0,4.5732E-01,1.5244E-03
2012-09-27 22:58:23.320,0,3.0488E-02,1.2098E-01,0,0.0,0.0,0,0.0,0.0,0,1.5244E-01,9.8348E-03,0,3.6585E-01,4.0650E-03,0,7.6220E-01,2.5407E-03
2012-09-27 22:58:56.087,0,0.0,0.0,0,3.0488E-02,9.3809E-02,0,9.1463E-02,1.9712E-02,0,2.4390E-01,1.5736E-02,0,3.3537E-01,3.7263E-03,0,2.7439E-01,9.1463E-04
2012-09-27 22:59:28.857,0,0.0,0.0,0,3.0488E-02,9.3809E-02,0,1.2195E-01,2.6283E-02,0,1.8293E-01,1.1802E-02,0,3.3537E-01,3.7263E-03,0,4.5732E-01,1.5244E-03
2012-09-27 23:00:01.623,0,0.0,0.0,0,0.0,0.0,0,6.0976E-02,1.3141E-02,0,1.5244E-01,9.8348E-03,0,2.1342E-01,2.3713E-03,0,4.2683E-01,1.4228E-03
2012-09-27 23:00:34.390,0,0.0,0.0,0,3.0488E-02,9.3809E-02,0,6.0976E-02,1.3141E-02,0,2.4390E-01,1.5736E-02,0,5.4878E-01,6.0976E-03,0,5.4878E-01,1.8293E-03
2012-09-27 23:01:07.160,0,0.0,0.0,0,0.0,0.0,0,9.1463E-02,1.9712E-02,0,1.8293E-01,1.1802E-02,0,3.0488E-01,3.3875E-03,0,5.7927E-01,1.9309E-03
2012-09-27 23:01:39.927,0,0.0,0.0,0,0.0,0.0,0,3.0488E-02,6.5707E-03,0,1.8293E-01,1.1802E-02,0,2.4390E-01,2.7100E-03,0,7.9268E-01,2.6423E-03
2012-09-27 23:02:12.693,0,3.0488E-02,1.2098E-01,0,3.0488E-02,9.3809E-02,0,3.0488E-02,6.5707E-03,0,2.4390E-01,1.5736E-02,0,2.7439E-01,3.0488E-03,0,6.7073E-01,2.2358E-03
2012-09-27 23:02:45.463,0,3.0488E-02,1.2098E-01,0,0.0,0.0,0,9.1463E-02,1.9712E-02,0,2.7439E-01,1.7703E-02,0,4.2683E-01,4.7426E-03,0,7.6220E-01,2.5407E-03
2012-09-27 23:03:18.230,0,0.0,0.0,0,3.0488E-02,9.3809E-02,0,1.5244E-01,3.2853E-02,0,9.1463E-02,5.9009E-03,0,2.4390E-01,2.7100E-03,0,5.4878E-01,1.8293E-03
2012-09-27 23:03:50.997,0,0.0,0.0,0,3.0488E-02,9.3809E-02,0,9.1463E-02,1.9712E-02,0,6.0976E-02,3.9339E-03,0,3.3537E-01,3.7263E-03,0,4.8780E-01,1.6260E-03
2012-09-27 23:04:23.767,0,0.0,0.0,0,0.0,0.0,0,3.0488E-02,6.5707E-03,0,1.5244E-01,9.8348E-03,0,2.1342E-01,2.3713E-03,0,5.7927E-01,1.9309E-03
2012-09-27 23:04:56.533,0,3.0488E-02,1.2098E-01,0,0.0,0.0,0,6.0976E-02,1.3141E-02,0,2.4390E-01,1.5736E-02,0,2.1342E-01,2.3713E-03,0,5.1829E-01,1.7276E-03
2012-09-27 23:05:29.300,0,0.0,0.0,0,0.0,0.0,0,6.0976E-02,1.3141E-02,0,1.8293E-01,1.1802E-02,0,2.1342E-01,2.3713E-03,0,5.1829E-01,1.7276E-03
2012-09-27 23:06:02.067,0,0.0,0.0,0,0.0,0.0,0,9.1463E-02,1.9712E-02,0,2.1342E-01,1.3769E-02,0,3.3537E-01,3.7263E-03,0,5.4878E-01,1.8293E-03
2012-09-27 23:06:34.837,0,3.0488E-02,1.2098E-01,0,0.0,0.0,0,9.1463E-02,1.9712E-02,0,1.8293E-01,1.1802E-02,0,3.6585E-01,4.0650E-03,0,9.1463E-01,3.0488E-03
2012-09-27 23:07:07.603,0,0.0,0.0,0,0.0,0.0,0,6.0976E-02,1.3141E-02,0,1.5244E-01,9.8348E-03,0,2.7439E-01,3.0488E-03,0,6.0976E-01,2.0325E-03
2012-09-27 23:07:40.370,0,0.0,0.0,0,0.0,0.0,0,9.1463E-02,1.9712E-02,0,2.1342E-01,1.3769E-02,0,4.5732E-01,5.0813E-03,0,5.7927E-01,1.9309E-03
2012-09-27 23:08:13.140,0,3.0488E-02,1.2098E-01,0,0.0,0.0,0,9.1463E-02,1.9712E-02,0,2.7439E-01,1.7703E-02,0,2.7439E-01,3.0488E-03,0,4.5732E-01,1.5244E-03
2012-09-27 23:08:45.907,0,0.0,0.0,0,0.0,0.0,0,1.2195E-01,2.6283E-02,0,1.8293E-01,1.1802E-02,0,3.6585E-01,4.0650E-03,0,7.0122E-01,2.3374E-03
2012-09-27 23:09:18.677,0,0.0,0.0,0,0.0,0.0,0,6.0976E-02,1.3141E-02,0,1.8293E-01,1.1802E-02,0,3.9634E-01,4.4038E-03,0,5.7927E-01,1.9309E-03
2012-09-27 23:09:51.443,0,0.0,0.0,0,0.0,0.0,0,3.0488E-02,6.5707E-03,0,1.5244E-01,9.8348E-03,0,4.2683E-01,4.7426E-03,0,5.7927E-01,1.9309E-03
2012-09-27 23:10:24.210,0,0.0,0.0,0,0.0,0.0,0,1.2195E-01,2.6283E-02,0,1.5244E-01,9.8348E-03,0,4.5732E-01,5.0813E-03,0,5.4878E-01,1.8293E-03
2012-09-27 23:10:56.977,0,3.0488E-02,1.2098E-01,0,3.0488E-02,9.3809E-02,0,6.0976E-02,1.3141E-02,0,2.1342E-01,1.3769E-02,0,4.8780E-01,5.4200E-03,0,5.1829E-01,1.7276E-03
2012-09-27 23:11:29.747,0,0.0,0.0,0,0.0,0.0,0,1.2195E-01,2.6283E-02,0,1.5244E-01,9.8348E-03,0,5.4878E-01,6.0976E-03,0,5.1829E-01,1.7276E-03
2012-09-27 23:12:02.513,0,3.0488E-02,1.2098E-01,0,0.0,0.0,0,1.5244E-01,3.2853E-02,0,2.1342E-01,1.3769E-02,0,5.4878E-01,6.0976E-03,0,3.3537E-01,1.1179E-03
2012-09-27 23:12:35.280,0,3.0488E-02,1.2098E-01,0,0.0,0.0,0,9.1463E-02,1.9712E-02,0,1.8293E-01,1.1802E-02,0,4.2683E-01,4.7426E-03,0,7.0122E-01,2.3374E-03
2012-09-27 23:13:08.050,0,0.0,0.0,0,0.0,0.0,0,6.0976E-02,1.3141E-02,0,3.3537E-01,2.1636E-02,0,3.9634E-01,4.4038E-03,0,5.4878E-01,1.8293E-03
2012-09-27 23:13:40.817,0,9.1463E-02,3.6295E-01,0,0.0,0.0,0,9.1463E-02,1.9712E-02,0,1.5244E-01,9.8348E-03,0,4.2683E-01,4.7426E-03,0,5.4878E-01,1.8293E-03
2012-09-27 23:14:13.583,0,3.0488E-02,1.2098E-01,0,0.0,0.0,0,3.0488E-02,6.5707E-03,0,2.1342E-01,1.3769E-02,0,3.3537E-01,3.7263E-03,0,7.9268E-01,2.6423E-03
2012-09-27 23:14:46.353,0,0.0,0.0,0,0.0,0.0,0,1.8293E-01,3.9424E-02,0,2.4390E-01,1.5736E-02,0,3.6585E-01,4.0650E-03,0,6.0976E-01,2.0325E-03
2012-09-27 23:15:19.120,0,0.0,0.0,0,3.0488E-02,9.3809E-02,0,1.5244E-01,3.2853E-02,0,2.1342E-01,1.3769E-02,0,2.7439E-01,3.0488E-03,0,6.0976E-01,2.0325E-03
2012-09-27 23:15:51.887,0,0.0,0.0,0,0.0,0.0,0,6.0976E-02,1.3141E-02,0,2.4390E-01,1.5736E-02,0,2.7439E-01,3.0488E-03,0,8.8415E-01,2.9471E-03
2012-09-27 23:16:24.657,0,6.0976E-02,2.4197E-01,0,0.0,0.0,0,1.2195E-01,2.6283E-02,0,1.8293E-01,1.1802E-02,0,3.0488E-01,3.3875E-03,0,5.1829E-01,1.7276E-03
2012-09-27 23:16:57.423,0,0.0,0.0,0,0.0,0.0,0,1.2195E-01,2.6283E-02,0,1.2195E-01,7.8678E-03,0,3.3537E-01,3.7263E-03,0,4.8780E-01,1.6260E-03
2012-09-27 23:17:30.190,0,6.0976E-02,2.4197E-01,0,3.0488E-02,9.3809E-02,0,6.0976E-02,1.3141E-02,0,9.1463E-02,5.9009E-03,0,4.5732E-01,5.0813E-03,0,7.0122E-01,2.3374E-03
2012-09-27 23:18:02.957,0,9.1463E-02,3.6295E-01,0,0.0,0.0,0,1.2195E-01,2.6283E-02,0,1.5244E-01,9.8348E-03,0,3.3537E-01,3.7263E-03,0,6.0976E-01,2.0325E-03
2012-09-27 23:18:35.727,0,3.0488E-02,1.2098E-01,0,3.0488E-02,9.3809E-02,0,3.0488E-02,6.5707E-03,0,1.5244E-01,9.8348E-03,0,5.1829E-01,5.7588E-03,0,4.5732E-01,1.5244E-03
2012-09-27 23:19:08.493,0,0.0,0.0,0,3.0488E-02,9.3809E-02,0,1.2195E-01,2.6283E-02,0,1.5244E-01,9.8348E-03,0,2.7439E-01,3.0488E-03,0,6.7073E-01,2.2358E-03
2012-09-27 23:19:41.260,0,6.0976E-02,2.4197E-01,0,0.0,0.0,0,1.8293E-01,3.9424E-02,0,1.5244E-01,9.8348E-03,0,5.1829E-01,5.7588E-03,0,7.0122E-01,2.3374E-03
2012-09-27 23:20:14.030,0,0.0,0.0,0,0.0,0.0,0,3.0488E-02,6.5707E-03,0,1.8293E-01,1.1802E-02,0,4.2683E-01,4.7426E-03,0,5.4878E-01,1.8293E-03
2012-09-27 23:20:46.797,0,0.0,0.0,0,0.0,0.0,0,2.1342E-01,4.5994E-02,0,2.4390E-01,1.5736E-02,0,4.8780E-01,5.4200E-03,0,6.0976E-01,2.0325E-03
2012-09-27 23:21:19.563,0,0.0,0.0,0,0.0,0.0,0,3.0488E-02,6.5707E-03,0,2.4390E-01,1.5736E-02,0,6.0976E-01,6.7751E-03,0,5.7927E-01,1.9309E-03
2012-09-27 23:21:52.333,0,0.0,0.0,0,0.0,0.0,0,6.0976E-02,1.3141E-02,0,1.5244E-01,9.8348E-03,0,3.0488E-01,3.3875E-03,0,6.4024E-01,2.1342E-03
2012-09-27 23:22:25.100,0,6.0976E-02,2.4197E-01,0,0.0,0.0,0,6.0976E-02,1.3141E-02,0,2.4390E-01,1.5736E-02,0,3.0488E-01,3.3875E-03,0,7.3171E-01,2.4390E-03
2012-09-27 23:22:57.867,0,3.0488E-02,1.2098E-01,0,0.0,0.0,0,1.2195E-01,2.6283E-02,0,1.5244E-01,9.8348E-03,0,3.6585E-01,4.0650E-03,0,4.8780E-01,1.6260E-03
2012-09-27 23:23:30.637,0,0.0,0.0,0,3.0488E-02,9.3809E-02,0,6.0976E-02,1.3141E-02,0,1.8293E-01,1.1802E-02,0,2.4390E-01,2.7100E-03,0,7.9268E-01,2.6423E-03
2012-09-27 23:24:03.403,0,0.0,0.0,0,0.0,0.0,0,1.2195E-01,2.6283E-02,0,1.5244E-01,9.8348E-03,0,2.4390E-01,2.7100E-03,0,7.3171E-01,2.4390E-03
2012-09-27 23:24:36.170,0,3.0488E-02,1.2098E-01,0,3.0488E-02,9.3809E-02,0,1.5244E-01,3.2853E-02,0,3.6585E-01,2.3604E-02,0,4.8780E-01,5.4200E-03,0,6.4024E-01,2.1342E-03
2012-09-27 23:25:08.937,0,6.0976E-02,2.4197E-01,0,0.0,0.0,0,9.1463E-02,1.9712E-02,0,2.7439E-01,1.7703E-02,0,4.5732E-01,5.0813E-03,0,5.1829E-01,1.7276E-03
2012-09-27 23:25:41.707,0,3.0488E-02,1.2098E-01,0,0.0,0.0,0,3.0488E-02,6.5707E-03,0,1.5244E-01,9.8348E-03,0,3.0488E-01,3.3875E-03,0,4.2683E-01,1.4228E-03
2012-09-27 23:26:14.473,0,0.0,0.0,0,0.0,0.0,0,1.5244E-01,3.2853E-02,0,1.8293E-01,1.1802E-02,0,3.6585E-01,4.0650E-03,0,4.5732E-01,1.5244E-03
2012-09-27 23:26:47.240,0,0.0,0.0,0,0.0,0.0,0,1.2195E-01,2.6283E-02,0,1.5244E-01,9.8348E-03,0,4.5732E-01,5.0813E-03,0,7.3171E-01,2.4390E-03
2012-09-27 23:27:20.010,0,3.0488E-02,1.2098E-01,0,0.0,0.0,0,0.0,0.0,0,1.8293E-01,1.1802E-02,0,3.0488E-01,3.3875E-03,0,4.8780E-01,1.6260E-03
2012-09-27 23:27:52.777,0,6.0976E-02,2.4197E-01,0,0.0,0.0,0,9.1463E-02,1.9712E-02,0,3.0488E-01,1.9670E-02,0,3.0488E-01,3.3875E-03,0,9.4512E-01,3.1504E-03
2012-09-27 23:28:25.543,0,3.0488E-02,1.2098E-01,0,0.0,0.0,0,0.0,0.0,0,1.8293E-01,1.1802E-02,0,7.0122E-01,7.7913E-03,0,4.2683E-01,1.4228E-03
2012-09-27 23:28:58.313,0,3.0488E-02,1.2098E-01,0,0.0,0.0,0,9.1463E-02,1.9712E-02,0,2.4390E-01,1.5736E-02,0,4.2683E-01,4.7426E-03,0,4.5732E-01,1.5244E-03
2012-09-27 23:29:31.080,0,3.0488E-02,1.2098E-01,0,0.0,0.0,0,0.0,0.0,0,3.6585E-01,2.3604E-02,0,3.6585E-01,4.0650E-03,0,5.4878E-01,1.8293E-03
2012-09-27 23:30:03.847,0,3.0488E-02,1.2098E-01,0,0.0,0.0,0,6.0976E-02,1.3141E-02,0,2.4390E-01,1.5736E-02,0,3.9634E-01,4.4038E-03,0,4.8780E-01,1.6260E-03
2012-09-27 23:30:36.617,0,0.0,0.0,0,0.0,0.0,0,6.0976E-02,1.3141E-02,0,3.6585E-01,2.3604E-02,0,3.3537E-01,3.7263E-03,0,5.4878E-01,1.8293E-03
2012-09-27 23:31:09.383,0,3.0488E-02,1.2098E-01,0,0.0,0.0,0,1.2195E-01,2.6283E-02,0,2.4390E-01,1.5736E-02,0,3.6585E-01,4.0650E-03,0,4.8780E-01,1.6260E-03
2012-09-27 23:31:42.150,0,0.0,0.0,0,0.0,0.0,0,6.0976E-02,1.3141E-02,0,1.5244E-01,9.8348E-03,0,5.1829E-01,5.7588E-03,0,6.7073E-01,2.2358E-03
2012-09-27 23:32:14.917,0,3.0488E-02,1.2098E-01,0,0.0,0.0,0,3.0488E-02,6.5707E-03,0,3.0488E-01,1.9670E-02,0,2.7439E-01,3.0488E-03,0,4.2683E-01,1.4228E-03
2012-09-27 23:32:47.687,0,0.0,0.0,0,3.0488E-02,9.3809E-02,0,9.1463E-02,1.9712E-02,0,1.8293E-01,1.1802E-02,0,2.7439E-01,3.0488E-03,0,5.1829E-01,1.7276E-03
2012-09-27 23:33:20.453,0,0.0,0.0,0,0.0,0.0,0,3.0488E-02,6.5707E-03,0,1.5244E-01,9.8348E-03,0,3.3537E-01,3.7263E-03,0,5.7927E-01,1.9309E-03
2012-09-27 23:33:53.220,0,0.0,0.0,0,0.0,0.0,0,1.8293E-01,3.9424E-02,0,6.0976E-02,3.9339E-03,0,4.2683E-01,4.7426E-03,0,4.8780E-01,1.6260E-03
2012-09-27 23:34:25.990,0,9.1463E-02,3.6295E-01,0,0.0,0.0,0,1.5244E-01,3.2853E-02,0,1.2195E-01,7.8678E-03,0,3.0488E-01,3.3875E-03,0,6.0976E-01,2.0325E-03
2012-09-27 23:34:58.757,0,0.0,0.0,0,3.0488E-02,9.3809E-02,0,9.1463E-02,1.9712E-02,0,9.1463E-02,5.9009E-03,0,1.5244E-01,1.6938E-03,0,8.8415E-01,2.9471E-03
2012-09-27 23:35:31.523,0,0.0,0.0,0,3.0488E-02,9.3809E-02,0,9.1463E-02,1.9712E-02,0,9.1463E-02,5.9009E-03,0,4.5732E-01,5.0813E-03,0,4.8780E-01,1.6260E-03
2012-09-27 23:36:04.293,0,0.0,0.0,0,0.0,0.0,0,1.5244E-01,3.2853E-02,0,2.7439E-01,1.7703E-02,0,6.4024E-01,7.1138E-03,0,4.8780E-01,1.6260E-03
2012-09-27 23:36:37.060,0,6.0976E-02,2.4197E-01,0,0.0,0.0,0,3.0488E-02,6.5707E-03,0,3.0488E-01,1.9670E-02,0,3.3537E-01,3.7263E-03,0,4.2683E-01,1.4228E-03
2012-09-27 23:37:09.827,0,0.0,0.0,0,3.0488E-02,9.3809E-02,0,3.0488E-02,6.5707E-03,0,9.1463E-02,5.9009E-03,0,4.8780E-01,5.4200E-03,0,4.2683E-01,1.4228E-03
2012-09-27 23:37:42.597,0,0.0,0.0,0,0.0,0.0,0,1.8293E-01,3.9424E-02,0,2.4390E-01,1.5736E-02,0,3.3537E-01,3.7263E-03,0,4.8780E-01,1.6260E-03
2012-09-27 23:38:15.363,0,3.0488E-02,1.2098E-01,0,0.0,0.0,0,1.2195E-01,2.6283E-02,0,2.4390E-01,1.5736E-02,0,3.0488E-01,3.3875E-03,0,3.6585E-01,1.2195E-03
2012-09-27 23:38:48.130,0,0.0,0.0,0,0.0,0.0,0,9.1463E-02,1.9712E-02,0,6.0976E-02,3.9339E-03,0,2.4390E-01,2.7100E-03,0,6.4024E-01,2.1342E-03
2012-09-27 23:39:20.897,0,0.0,0.0,0,0.0,0.0,0,6.0976E-02,1.3141E-02,0,1.5244E-01,9.8348E-03,0,2.7439E-01,3.0488E-03,0,5.1829E-01,1.7276E-03
2012-09-27 23:39:53.667,0,0.0,0.0,0,0.0,0.0,0,0.0,0.0,0,1.2195E-01,7.8678E-03,0,2.7439E-01,3.0488E-03,0,6.4024E-01,2.1342E-03
2012-09-27 23:40:26.433,0,6.0976E-02,2.4197E-01,0,0.0,0.0,0,1.2195E-01,2.6283E-02,0,1.5244E-01,9.8348E-03,0,1.8293E-01,2.0325E-03,0,4.8780E-01,1.6260E-03
2012-09-27 23:40:59.200,0,0.0,0.0,0,0.0,0.0,0,3.0488E-02,6.5707E-03,0,1.5244E-01,9.8348E-03,0,3.3537E-01,3.7263E-03,0,7.0122E-01,2.3374E-03
2012-09-27 23:41:31.970,0,3.0488E-02,1.2098E-01,0,0.0,0.0,0,3.0488E-02,6.5707E-03,0,1.5244E-01,9.8348E-03,0,3.0488E-01,3.3875E-03,0,4.5732E-01,1.5244E-03
2012-09-27 23:42:04.737,0,6.0976E-02,2.4197E-01,0,3.0488E-02,9.3809E-02,0,9.1463E-02,1.9712E-02,0,2.1342E-01,1.3769E-02,0,2.7439E-01,3.0488E-03,0,6.4024E-01,2.1342E-03
2012-09-27 23:42:37.503,0,0.0,0.0,0,0.0,0.0,0,3.0488E-02,6.5707E-03,0,2.1342E-01,1.3769E-02,0,1.8293E-01,2.0325E-03,0,4.8780E-01,1.6260E-03
2012-09-27 23:43:10.273,0,0.0,0.0,0,0.0,0.0,0,1.8293E-01,3.9424E-02,0,3.0488E-01,1.9670E-02,0,3.9634E-01,4.4038E-03,0,8.2317E-01,2.7439E-03
2012-09-27 23:43:43.040,0,6.0976E-02,2.4197E-01,0,3.0488E-02,9.3809E-02,0,6.0976E-02,1.3141E-02,0,2.1342E-01,1.3769E-02,0,5.4878E-01,6.0976E-03,0,4.5732E-01,1.5244E-03
2012-09-27 23:44:15.807,0,0.0,0.0,0,0.0,0.0,0,9.1463E-02,1.9712E-02,0,1.8293E-01,1.1802E-02,0,3.6585E-01,4.0650E-03,0,5.4878E-01,1.8293E-03
2012-09-27 23:44:48.577,0,9.1463E-02,3.6295E-01,0,3.0488E-02,9.3809E-02,0,6.0976E-02,1.3141E-02,0,2.4390E-01,1.5736E-02,0,4.8780E-01,5.4200E-03,0,7.3171E-01,2.4390E-03
2012-09-27 23:45:21.343,0,3.0488E-02,1.2098E-01,0,0.0,0.0,0,0.0,0.0,0,2.7439E-01,1.7703E-02,0,2.4390E-01,2.7100E-03,0,4.8780E-01,1.6260E-03
2012-09-27 23:45:54.110,0,3.0488E-02,1.2098E-01,0,0.0,0.0,0,6.0976E-02,1.3141E-02,0,3.0488E-01,1.9670E-02,0,3.0488E-01,3.3875E-03,0,3.6585E-01,1.2195E-03
2012-09-27 23:46:26.877,0,0.0,0.0,0,0.0,0.0,0,0.0,0.0,0,1.5244E-01,9.8348E-03,0,4.5732E-01,5.0813E-03,0,8.5366E-01,2.8455E-03
2012-09-27 23:46:59.647,0,0.0,0.0,0,0.0,0.0,0,6.0976E-02,1.3141E-02,0,2.1342E-01,1.3769E-02,0,6.4024E-01,7.1138E-03,0,5.1829E-01,1.7276E-03
2012-09-27 23:47:32.413,0,0.0,0.0,0,3.0488E-02,9.3809E-02,0,9.1463E-02,1.9712E-02,0,1.8293E-01,1.1802E-02,0,4.8780E-01,5.4200E-03,0,7.0122E-01,2.3374E-03
2012-09-27 23:48:05.180,0,0.0,0.0,0,0.0,0.0,0,1.8293E-01,3.9424E-02,0,1.2195E-01,7.8678E-03,0,2.1342E-01,2.3713E-03,0,4.8780E-01,1.6260E-03
2012-09-27 23:48:37.947,0,3.0488E-02,1.2098E-01,0,0.0,0.0,0,6.0976E-02,1.3141E-02,0,1.2195E-01,7.8678E-03,0,5.1829E-01,5.7588E-03,0,6.7073E-01,2.2358E-03
2012-09-27 23:49:10.717,0,0.0,0.0,0,6.0976E-02,1.8762E-01,0,3.0488E-02,6.5707E-03,0,2.7439E-01,1.7703E-02,0,3.6585E-01,4.0650E-03,0,7.0122E-01,2.3374E-03
2012-09-27 23:49:43.483,0,6.0976E-02,2.4197E-01,0,6.0976E-02,1.8762E-01,0,1.8293E-01,3.9424E-02,0,2.7439E-01,1.7703E-02,0,3.6585E-01,4.0650E-03,0,7.6220E-01,2.5407E-03
2012-09-27 23:50:16.250,0,3.0488E-02,1.2098E-01,0,0.0,0.0,0,9.1463E-02,1.9712E-02,0,2.7439E-01,1.7703E-02,0,4.5732E-01,5.0813E-03,0,5.1829E-01,1.7276E-03
2012-09-27 23:50:49.020,0,6.0976E-02,2.4197E-01,0,0.0,0.0,0,0.0,0.0,0,2.1342E-01,1.3769E-02,0,3.0488E-01,3.3875E-03,0,5.4878E-01,1.8293E-03
2012-09-27 23:51:21.787,0,0.0,0.0,0,3.0488E-02,9.3809E-02,0,1.5244E-01,3.2853E-02,0,3.0488E-01,1.9670E-02,0,4.5732E-01,5.0813E-03,0,5.4878E-01,1.8293E-03
2012-09-27 23:51:54.557,0,0.0,0.0,0,3.0488E-02,9.3809E-02,0,6.0976E-02,1.3141E-02,0,6.0976E-02,3.9339E-03,0,3.0488E-01,3.3875E-03,0,4.2683E-01,1.4228E-03
2012-09-27 23:52:27.323,0,3.0488E-02,1.2098E-01,0,0.0,0.0,0,1.2195E-01,2.6283E-02,0,3.6585E-01,2.3604E-02,0,3.0488E-01,3.3875E-03,0,7.3171E-01,2.4390E-03
2012-09-27 23:53:00.090,0,6.0976E-02,2.4197E-01,0,0.0,0.0,0,1.5244E-01,3.2853E-02,0,1.5244E-01,9.8348E-03,0,3.0488E-01,3.3875E-03,0,4.8780E-01,1.6260E-03
2012-09-27 23:53:32.857,0,0.0,0.0,0,0.0,0.0,0,0.0,0.0,0,1.2195E-01,7.8678E-03,0,3.9634E-01,4.4038E-03,0,5.4878E-01,1.8293E-03
2012-09-27 23:54:05.627,0,0.0,0.0,0,0.0,0.0,0,6.0976E-02,1.3141E-02,0,2.4390E-01,1.5736E-02,0,3.3537E-01,3.7263E-03,0,5.1829E-01,1.7276E-03
2012-09-27 23:54:38.393,0,0.0,0.0,0,0.0,0.0,0,3.0488E-02,6.5707E-03,0,1.8293E-01,1.1802E-02,0,4.5732E-01,5.0813E-03,0,4.5732E-01,1.5244E-03
2012-09-27 23:55:11.160,0,0.0,0.0,0,3.0488E-02,9.3809E-02,0,9.1463E-02,1.9712E-02,0,1.5244E-01,9.8348E-03,0,3.0488E-01,3.3875E-03,0,3.6585E-01,1.2195E-03
2012-09-27 23:55:43.927,0,0.0,0.0,0,0.0,0.0,0,6.0976E-02,1.3141E-02,0,2.4390E-01,1.5736E-02,0,3.6585E-01,4.0650E-03,0,4.5732E-01,1.5244E-03
2012-09-27 23:56:16.697,0,0.0,0.0,0,6.0976E-02,1.8762E-01,0,6.0976E-02,1.3141E-02,0,2.4390E-01,1.5736E-02,0,4.2683E-01,4.7426E-03,0,4.8780E-01,1.6260E-03
2012-09-27 23:56:49.463,0,0.0,0.0,0,0.0,0.0,0,6.0976E-02,1.3141E-02,0,2.4390E-01,1.5736E-02,0,3.3537E-01,3.7263E-03,0,8.2317E-01,2.7439E-03
2012-09-27 23:57:22.230,0,0.0,0.0,0,0.0,0.0,0,1.2195E-01,2.6283E-02,0,1.8293E-01,1.1802E-02,0,4.8780E-01,5.4200E-03,0,6.0976E-01,2.0325E-03
2012-09-27 23:57:55.000,0,0.0,0.0,0,3.0488E-02,9.3809E-02,0,1.5244E-01,3.2853E-02,0,1.2195E-01,7.8678E-03,0,3.6585E-01,4.0650E-03,0,5.4878E-01,1.8293E-03
2012-09-27 23:58:27.767,0,6.0976E-02,2.4197E-01,0,3.0488E-02,9.3809E-02,0,6.0976E-02,1.3141E-02,0,2.1342E-01,1.3769E-02,0,2.4390E-01,2.7100E-03,0,8.5366E-01,2.8455E-03
2012-09-27 23:59:00.533,0,3.0488E-02,1.2098E-01,0,0.0,0.0,0,6.0976E-02,1.3141E-02,0,2.7439E-01,1.7703E-02,0,6.0976E-01,6.7751E-03,0,3.6585E-01,1.2195E-03
2012-09-27 23:59:33.303,0,0.0,0.0,0,0.0,0.0,0,6.0976E-02,1.3141E-02,0,2.1342E-01,1.3769E-02,0,5.4878E-01,6.0976E-03,0,8.8415E-01,2.9471E-03